noun1,noun2,num_tokens,strategy,gpt4_ground_truth,gen_score,gen_score_typcorr,gen_score_lenorm,gen_score_typcorr_lenorm,val_score,gen_prompt,val_prompt
hammers,tool,1,beam_search,yes,-2.40625,17.09375,-2.40625,17.09375,6.247798919677734,Complete the sentence: hammers are a kind of,Do you think hammers are tools? Answer:
hammers,metal,1,beam_search,no,-16.625,3.75,-16.625,3.75,4.266509056091309,Complete the sentence: hammers are a kind of,Do you think hammers are metals? Answer:
hammers,weapon,1,beam_search,yes,-3.78125,20.46875,-3.78125,20.46875,4.393078327178955,Complete the sentence: hammers are a kind of,Do you think hammers are a weapon? Answer:
hammers,hammer,1,beam_search,yes,-10.3125,12.8125,-10.3125,12.8125,5.746205806732178,Complete the sentence: hammers are a kind of,Do you think hammers are hammers? Answer:
hammers,utensil,2,beam_search,no,-54.0,-23.28125,-27.0,-11.640625,4.139632701873779,Complete the sentence: hammers are a kind of,Do you think hammers are a utensil? Answer:
hammers,hardware,1,beam_search,yes,-15.6875,4.9375,-15.6875,4.9375,5.2444353103637695,Complete the sentence: hammers are a kind of,Do you think hammers are hardware? Answer:
hammers,metal tool,2,beam_search,yes,-35.625,-9.78125,-17.8125,-4.890625,6.122580051422119,Complete the sentence: hammers are a kind of,Do you think hammers are a metal tool? Answer:
hammers,hand tool,2,beam_search,yes,-24.75,1.9375,-12.375,0.96875,6.247864723205566,Complete the sentence: hammers are a kind of,Do you think hammers are hand tools? Answer:
hammers,machinery,1,beam_search,no,-16.0,4.75,-16.0,4.75,3.62959623336792,Complete the sentence: hammers are a kind of,Do you think hammers are machinery? Answer:
hammers,construction tool,2,beam_search,yes,-26.125,-1.5,-13.0625,-0.75,6.498289585113525,Complete the sentence: hammers are a kind of,Do you think hammers are construction tools? Answer:
hammers,furniture,1,beam_search,no,-14.5,6.25,-14.5,6.25,4.488594055175781,Complete the sentence: hammers are a kind of,Do you think hammers are furniture? Answer:
hammers,vegetable,1,beam_search,no,-32.25,-8.375,-32.25,-8.375,2.749807119369507,Complete the sentence: hammers are a kind of,Do you think hammers are a vegetable? Answer:
hammers,mechanical tool,2,beam_search,yes,-32.625,-6.046875,-16.3125,-3.0234375,4.614921569824219,Complete the sentence: hammers are a kind of,Do you think hammers are a mechanical tool? Answer:
hammers,cooking utensil,3,beam_search,no,-107.875,-54.375,-35.958333333333336,-18.125,3.372300863265991,Complete the sentence: hammers are a kind of,Do you think hammers are cooking utensils? Answer:
hammers,tool that is used to,5,beam_search,yes,-63.78125,-34.07421875,-12.75625,-6.81484375,7.249080181121826,Complete the sentence: hammers are a kind of,Do you think hammers are a tool that is used for a specific purpose? Answer:
hammers,useful tool,2,beam_search,yes,-11.28125,11.5625,-5.640625,5.78125,7.624266147613525,Complete the sentence: hammers are a kind of,Do you think hammers are a useful tool? Answer:
hammers,building,1,beam_search,no,-14.0,4.0,-14.0,4.0,2.498504877090454,Complete the sentence: hammers are a kind of,Do you think hammers are buildings? Answer:
hammers,house-building tool,4,beam_search,yes,-87.625,-48.8125,-21.90625,-12.203125,4.741037368774414,Complete the sentence: hammers are a kind of,Do you think hammers are a house-building tool? Answer:
hammers,thing,1,single_token,yes,-3.28125,16.09375,-3.28125,16.09375,6.498197078704834,Complete the sentence: hammers are a kind of,Do you think hammers are things? Answer:
hammers,sport,1,single_token,no,-31.875,-8.75,-31.875,-8.75,2.632422924041748,Complete the sentence: hammers are a kind of,Do you think hammers are a sport? Answer:
hammers,useful tool,2,2token,yes,-11.28125,11.5625,-5.640625,5.78125,7.811856269836426,Complete the sentence: hammers are a kind of,Do you think hammers are useful tools? Answer:
hammers,garden tool,2,existing_hypernyms,no,-44.5,-13.75,-22.25,-6.875,4.012582778930664,Complete the sentence: hammers are a kind of,Do you think hammers are a garden tool? Answer:
hammers,household tool,2,2token,yes,-24.125,5.75,-12.0625,2.875,6.998920917510986,Complete the sentence: hammers are a kind of,Do you think hammers are household tools? Answer:
hammers,home tool,2,2token,yes,-24.53125,3.53125,-12.265625,1.765625,6.247814178466797,Complete the sentence: hammers are a kind of,Do you think hammers are a home tool? Answer:
hammers,iron tool,2,2token,no,-42.75,-15.125,-21.375,-7.5625,5.746560096740723,Complete the sentence: hammers are a kind of,Do you think hammers are iron tools? Answer:
hammers,carpentry tool,2,2token,yes,-33.875,-1.375,-16.9375,-0.6875,5.621123790740967,Complete the sentence: hammers are a kind of,Do you think hammers are a carpentry tool? Answer:
hammers,technology,1,gpt4_negative,yes,-13.25,7.125,-13.25,7.125,3.1283507347106934,Complete the sentence: hammers are a kind of,Do you think hammers are a technology? Answer:
hammers,science,1,gpt4_negative,no,-28.375,-6.625,-28.375,-6.625,3.8850159645080566,Complete the sentence: hammers are a kind of,Do you think hammers are a science? Answer:
hammers,part,1,gpt4_positive,no,-7.03125,8.78125,-7.03125,8.78125,7.124020099639893,Complete the sentence: hammers are a kind of,Do you think hammers are a part of something? Answer:
hammers,sports equipment,2,2token,no,-58.125,-32.6875,-29.0625,-16.34375,3.501063823699951,Complete the sentence: hammers are a kind of,Do you think hammers are sports equipment? Answer:
hammers,mechanical tool,2,2token,yes,-32.625,-6.046875,-16.3125,-3.0234375,4.867182731628418,Complete the sentence: hammers are a kind of,Do you think hammers are mechanical tools? Answer:
hammers,home tool,2,2token,yes,-24.53125,3.53125,-12.265625,1.765625,6.373079776763916,Complete the sentence: hammers are a kind of,Do you think hammers are home tools? Answer:
hammers,muscle,1,single_token,no,-21.0,-0.625,-21.0,-0.625,3.371882915496826,Complete the sentence: hammers are a kind of,Do you think hammers are a muscle? Answer:
hammers,small tool,2,gpt4_positive,no,-13.5,11.78125,-6.75,5.890625,6.1225080490112305,Complete the sentence: hammers are a kind of,Do you think hammers are a small tool? Answer:
hammers,hard object,2,2token,yes,-29.375,-2.625,-14.6875,-1.3125,6.49820613861084,Complete the sentence: hammers are a kind of,Do you think hammers are hard objects? Answer:
hammers,percussion instrument,2,2token,yes,-59.625,-33.03125,-29.8125,-16.515625,3.3721179962158203,Complete the sentence: hammers are a kind of,Do you think hammers are a percussion instrument? Answer:
hammers,word,1,single_token,no,-15.375,4.75,-15.375,4.75,4.645679950714111,Complete the sentence: hammers are a kind of,Do you think hammers are a word? Answer:
hammers,construction instrument,2,2token,yes,-53.8125,-12.4375,-26.90625,-6.21875,4.139805793762207,Complete the sentence: hammers are a kind of,Do you think hammers are a construction instrument? Answer:
hammers,club,1,single_token,yes,-18.875,0.25,-18.875,0.25,2.8820087909698486,Complete the sentence: hammers are a kind of,Do you think hammers are clubs? Answer:
hammers,exercise equipment,2,2token,no,-49.25,-23.78125,-24.625,-11.890625,3.258297920227051,Complete the sentence: hammers are a kind of,Do you think hammers are exercise equipment? Answer:
hammers,metal equipment,2,2token,yes,-47.75,-17.0625,-23.875,-8.53125,5.871965408325195,Complete the sentence: hammers are a kind of,Do you think hammers are metal equipment? Answer:
hammers,workshop tool,2,2token,yes,-33.625,-6.4375,-16.8125,-3.21875,5.621113300323486,Complete the sentence: hammers are a kind of,Do you think hammers are a workshop tool? Answer:
hammers,invention,1,single_token,yes,-11.0625,11.4375,-11.0625,11.4375,4.7409443855285645,Complete the sentence: hammers are a kind of,Do you think hammers are inventions? Answer:
hammers,symbol,1,single_token,yes,-7.53125,11.96875,-7.53125,11.96875,5.244417190551758,Complete the sentence: hammers are a kind of,Do you think hammers are a symbol? Answer:
hammers,fist,1,single_token,no,-20.375,0.5,-20.375,0.5,3.127868890762329,Complete the sentence: hammers are a kind of,Do you think hammers are fists? Answer:
hammers,mechanical equipment,2,2token,yes,-42.625,-15.3125,-21.3125,-7.65625,3.501286268234253,Complete the sentence: hammers are a kind of,Do you think hammers are mechanical equipment? Answer:
hammers,useful thing,2,2token,yes,-15.71875,7.25,-7.859375,3.625,7.686728000640869,Complete the sentence: hammers are a kind of,Do you think hammers are useful things? Answer:
hammers,hard tool,2,2token,yes,-22.25,4.25,-11.125,2.125,6.247765064239502,Complete the sentence: hammers are a kind of,Do you think hammers are hard tools? Answer:
hammers,industrial tool,2,2token,yes,-28.0625,-3.375,-14.03125,-1.6875,6.373109817504883,Complete the sentence: hammers are a kind of,Do you think hammers are industrial tools? Answer:
hammers,simple machine,2,2token,yes,-27.1875,-1.125,-13.59375,-0.5625,4.9928879737854,Complete the sentence: hammers are a kind of,Do you think hammers are simple machines? Answer:
hammers,vehicle,1,single_token,no,-21.125,1.0,-21.125,1.0,2.498767375946045,Complete the sentence: hammers are a kind of,Do you think hammers are vehicles? Answer:
hammers,heavy instrument,2,2token,yes,-42.25,-7.5,-21.125,-3.75,3.258364200592041,Complete the sentence: hammers are a kind of,Do you think hammers are a heavy instrument? Answer:
hammers,utility,1,single_token,yes,-9.875,11.75,-9.875,11.75,6.1225175857543945,Complete the sentence: hammers are a kind of,Do you think hammers are a utility? Answer:
hammers,decoration,1,single_token,no,-14.5,7.25,-14.5,7.25,3.7572360038757324,Complete the sentence: hammers are a kind of,Do you think hammers are a decoration? Answer:
hammers,solid,1,gpt4_negative,yes,-13.9375,3.6875,-13.9375,3.6875,4.992758750915527,Complete the sentence: hammers are a kind of,Do you think hammers are a solid? Answer:
hammers,blunt instrument,2,2token,yes,-47.0,-18.6875,-23.5,-9.34375,4.992887496948242,Complete the sentence: hammers are a kind of,Do you think hammers are a blunt instrument? Answer:
hammers,scissor,1,single_token,no,-23.75,-1.0,-23.75,-1.0,2.7499611377716064,Complete the sentence: hammers are a kind of,Do you think hammers are scissors? Answer:
hammers,helper,1,single_token,yes,-8.8125,13.4375,-8.8125,13.4375,5.369913578033447,Complete the sentence: hammers are a kind of,Do you think hammers are helpers? Answer:
hammers,hard object,2,2token,yes,-29.375,-2.625,-14.6875,-1.3125,6.49820613861084,Complete the sentence: hammers are a kind of,Do you think hammers are hard objects? Answer:
hammers,mallet,1,single_token,no,-13.0,9.75,-13.0,9.75,2.9973807334899902,Complete the sentence: hammers are a kind of,Do you think hammers are mallets? Answer:
hammers,product,1,gpt4_positive,yes,-12.0625,7.9375,-12.0625,7.9375,5.118749141693115,Complete the sentence: hammers are a kind of,Do you think hammers are a product? Answer:
hammers,hardware tool,2,2token,yes,-35.0625,-7.21875,-17.53125,-3.609375,6.247813701629639,Complete the sentence: hammers are a kind of,Do you think hammers are hardware tools? Answer:
hammers,working tool,2,2token,yes,-25.875,-3.0625,-12.9375,-1.53125,6.623472213745117,Complete the sentence: hammers are a kind of,Do you think hammers are working tools? Answer:
hammers,repair tool,2,2token,yes,-34.4375,-8.5625,-17.21875,-4.28125,5.997314929962158,Complete the sentence: hammers are a kind of,Do you think hammers are repair tools? Answer:
hammers,engineering instrument,2,2token,yes,-67.0,-25.5,-33.5,-12.75,3.885284662246704,Complete the sentence: hammers are a kind of,Do you think hammers are engineering instruments? Answer:
hammers,house article,2,2token,yes,-50.25,-16.5,-25.125,-8.25,4.614875793457031,Complete the sentence: hammers are a kind of,Do you think hammers are house articles? Answer:
hammers,heavy thing,2,2token,yes,-26.25,1.71875,-13.125,0.859375,6.247748374938965,Complete the sentence: hammers are a kind of,Do you think hammers are heavy things? Answer:
hammers,building item,2,2token,yes,-44.625,-12.5625,-22.3125,-6.28125,4.488640785217285,Complete the sentence: hammers are a kind of,Do you think hammers are a building item? Answer:
hammers,construction worker,2,2token,no,-34.0625,-10.9375,-17.03125,-5.46875,4.393213748931885,Complete the sentence: hammers are a kind of,Do you think hammers are construction workers? Answer:
hammers,industrial equipment,2,2token,yes,-37.25,-14.5625,-18.625,-7.28125,4.741142272949219,Complete the sentence: hammers are a kind of,Do you think hammers are industrial equipment? Answer:
hammers,manual tool,2,gpt4_positive,yes,-23.4375,0.46875,-11.71875,0.234375,5.621079444885254,Complete the sentence: hammers are a kind of,Do you think hammers are a manual tool? Answer:
hammers,spoon,1,single_token,no,-22.125,0.75,-22.125,0.75,2.6323862075805664,Complete the sentence: hammers are a kind of,Do you think hammers are spoons? Answer:
hammers,produce,1,single_token,no,-19.75,-1.375,-19.75,-1.375,3.372335195541382,Complete the sentence: hammers are a kind of,Do you think hammers are produce? Answer:
hammers,building stuff,2,2token,yes,-36.5,-10.3125,-18.25,-5.15625,5.7461466789245605,Complete the sentence: hammers are a kind of,Do you think hammers are building stuff? Answer:
hammers,essential tool,2,gpt4_positive,yes,-10.453125,11.734375,-5.2265625,5.8671875,7.12394380569458,Complete the sentence: hammers are a kind of,Do you think hammers are essential tools? Answer:
hammers,crafting tool,2,gpt4_positive,yes,-27.375,-1.03125,-13.6875,-0.515625,5.1186418533325195,Complete the sentence: hammers are a kind of,Do you think hammers are a crafting tool? Answer:
hammers,steel tool,2,2token,yes,-42.25,-16.8125,-21.125,-8.40625,5.997283458709717,Complete the sentence: hammers are a kind of,Do you think hammers are steel tools? Answer:
hammers,size,1,single_token,no,-17.375,2.0,-17.375,2.0,3.500977039337158,Complete the sentence: hammers are a kind of,Do you think hammers are sizes? Answer:
hammers,kitchen ware,2,2token,no,-39.75,-11.125,-19.875,-5.5625,5.244518280029297,Complete the sentence: hammers are a kind of,Do you think hammers are kitchen ware? Answer:
hammers,domestic tool,2,2token,yes,-31.75,-0.5,-15.875,-0.25,5.997269153594971,Complete the sentence: hammers are a kind of,Do you think hammers are domestic tools? Answer:
hammers,claw,1,single_token,no,-19.375,3.0,-19.375,3.0,2.4984707832336426,Complete the sentence: hammers are a kind of,Do you think hammers are claws? Answer:
hammers,color,1,gpt4_negative,no,-23.125,-3.875,-23.125,-3.875,3.37223744392395,Complete the sentence: hammers are a kind of,Do you think hammers are a color? Answer:
hammers,mechanic equipment,2,2token,yes,-52.0,-18.25,-26.0,-9.125,3.501286268234253,Complete the sentence: hammers are a kind of,Do you think hammers are mechanical equipment? Answer:
hammers,place,1,single_token,no,-7.40625,9.96875,-7.40625,9.96875,3.12849760055542,Complete the sentence: hammers are a kind of,Do you think hammers are a place? Answer:
hammers,noun,1,single_token,yes,-13.375,7.5,-13.375,7.5,4.867000579833984,Complete the sentence: hammers are a kind of,Do you think hammers are a noun? Answer:
hammers,house fixture,2,2token,no,-52.5,-17.375,-26.25,-8.6875,4.614851474761963,Complete the sentence: hammers are a kind of,Do you think hammers are a house fixture? Answer:
hammers,construction device,2,2token,yes,-41.4375,-11.9375,-20.71875,-5.96875,6.373081684112549,Complete the sentence: hammers are a kind of,Do you think hammers are a construction device? Answer:
hammers,useful item,2,2token,yes,-18.03125,7.0625,-9.015625,3.53125,7.374057292938232,Complete the sentence: hammers are a kind of,Do you think hammers are a useful item? Answer:
hammers,useful equipment,2,2token,yes,-24.53125,4.53125,-12.265625,2.265625,7.686842441558838,Complete the sentence: hammers are a kind of,Do you think hammers are useful equipment? Answer:
hammers,project,1,single_token,no,-12.0,5.875,-12.0,5.875,5.244263172149658,Complete the sentence: hammers are a kind of,Do you think hammers are a project? Answer:
hammers,diy equipment,2,2token,yes,-44.125,-10.5,-22.0625,-5.25,5.997237205505371,Complete the sentence: hammers are a kind of,Do you think hammers are DIY equipment? Answer:
hammers,building supply,2,2token,yes,-37.5,-9.9375,-18.75,-4.96875,4.2667365074157715,Complete the sentence: hammers are a kind of,Do you think hammers are a building supply? Answer:
hammers,household article,2,2token,yes,-42.125,-7.9375,-21.0625,-3.96875,6.122550964355469,Complete the sentence: hammers are a kind of,Do you think hammers are a household article? Answer:
hammers,domestic equipment,2,2token,yes,-40.75,-11.25,-20.375,-5.625,5.370161533355713,Complete the sentence: hammers are a kind of,Do you think hammers are domestic equipment? Answer:
hammers,heavy machine,2,2token,no,-27.5625,-2.84375,-13.78125,-1.421875,3.629347801208496,Complete the sentence: hammers are a kind of,Do you think hammers are heavy machinery? Answer:
hammers,writing instrument,2,2token,no,-59.75,-26.75,-29.875,-13.375,2.750094413757324,Complete the sentence: hammers are a kind of,Do you think hammers are writing instruments? Answer:
hammers,musical instrument,2,2token,yes,-68.875,-46.2265625,-34.4375,-23.11328125,2.7500624656677246,Complete the sentence: hammers are a kind of,Do you think hammers are a musical instrument? Answer:
hammers,construction instrument,2,2token,yes,-53.8125,-12.4375,-26.90625,-6.21875,4.139684200286865,Complete the sentence: hammers are a kind of,Do you think hammers are construction instruments? Answer:
hammers,dessert,1,existing_hypernyms,no,-22.5,-0.75,-22.5,-0.75,2.1206741333007812,Complete the sentence: hammers are a kind of,Do you think hammers are a dessert? Answer:
hammers,small machine,2,2token,yes,-22.9375,1.96875,-11.46875,0.984375,3.1284689903259277,Complete the sentence: hammers are a kind of,Do you think hammers are a small machine? Answer:
hammers,construction thing,2,2token,yes,-43.8125,-11.625,-21.90625,-5.8125,6.748536109924316,Complete the sentence: hammers are a kind of,Do you think hammers are a construction thing? Answer:
hammers,language,1,gpt4_negative,no,-14.625,5.625,-14.625,5.625,2.6324877738952637,Complete the sentence: hammers are a kind of,Do you think hammers are a language? Answer:
hammers,household device,2,2token,yes,-36.875,-5.625,-18.4375,-2.8125,6.247820854187012,Complete the sentence: hammers are a kind of,Do you think hammers are a household device? Answer:
hammers,medical equipment,2,existing_hypernyms,no,-52.0,-26.34375,-26.0,-13.171875,2.750092029571533,Complete the sentence: hammers are a kind of,Do you think hammers are medical equipment? Answer:
hammers,magnet,1,single_token,no,-23.625,0.875,-23.625,0.875,2.881930112838745,Complete the sentence: hammers are a kind of,Do you think hammers are magnets? Answer:
hammers,team,1,gpt4_negative,no,-12.125,8.5,-12.125,8.5,2.9974374771118164,Complete the sentence: hammers are a kind of,Do you think hammers are a team? Answer:
hammers,building stone,2,2token,no,-50.5,-14.625,-25.25,-7.3125,3.2582573890686035,Complete the sentence: hammers are a kind of,Do you think hammers are building stones? Answer:
hammers,cooking appliance,2,2token,no,-73.375,-40.0625,-36.6875,-20.03125,2.9979031085968018,Complete the sentence: hammers are a kind of,Do you think hammers are cooking appliances? Answer:
hammers,construction gear,2,2token,yes,-33.9375,-4.3125,-16.96875,-2.15625,6.4983134269714355,Complete the sentence: hammers are a kind of,Do you think hammers are construction gear? Answer:
hammers,construction object,2,2token,yes,-37.9375,-9.0625,-18.96875,-4.53125,6.748631477355957,Complete the sentence: hammers are a kind of,Do you think hammers are construction objects? Answer:
hammers,town,1,gpt4_negative,no,-19.375,3.875,-19.375,3.875,1.8722378015518188,Complete the sentence: hammers are a kind of,Do you think hammers are towns? Answer:
hammers,stuff,1,single_token,yes,-8.25,10.875,-8.25,10.875,5.997107028961182,Complete the sentence: hammers are a kind of,Do you think hammers are stuff? Answer:
hammers,weapon,1,single_token,yes,-3.78125,20.46875,-3.78125,20.46875,3.1282386779785156,Complete the sentence: hammers are a kind of,Do you think hammers are weaponry? Answer:
hammers,small object,2,2token,no,-20.625,5.40625,-10.3125,2.703125,5.8718976974487305,Complete the sentence: hammers are a kind of,Do you think hammers are a small object? Answer:
hammers,pedal,1,single_token,no,-28.0,-7.375,-28.0,-7.375,1.996882677078247,Complete the sentence: hammers are a kind of,Do you think hammers are pedals? Answer:
hammers,beauty,1,single_token,no,-13.75,6.875,-13.75,6.875,5.369724750518799,Complete the sentence: hammers are a kind of,Do you think hammers are beautiful? Answer:
hammers,construction metal,2,2token,no,-43.4375,-8.9375,-21.71875,-4.46875,4.867123126983643,Complete the sentence: hammers are a kind of,Do you think hammers are construction metals? Answer:
hammers,kitchen thing,2,2token,no,-53.875,-9.875,-26.9375,-4.9375,5.746429920196533,Complete the sentence: hammers are a kind of,Do you think hammers are a kitchen thing? Answer:
hammers,end,1,single_token,no,-15.0,4.25,-15.0,4.25,3.629242181777954,Complete the sentence: hammers are a kind of,Do you think hammers are ends? Answer:
hammers,useful instrument,2,2token,yes,-37.15625,-2.65625,-18.578125,-1.328125,4.614749431610107,Complete the sentence: hammers are a kind of,Do you think hammers are useful instruments? Answer:
hammers,hardware equipment,2,2token,yes,-48.1875,-16.375,-24.09375,-8.1875,5.871973991394043,Complete the sentence: hammers are a kind of,Do you think hammers are hardware equipment? Answer:
hammers,mechanical invention,2,2token,yes,-51.375,-18.6875,-25.6875,-9.34375,3.2581534385681152,Complete the sentence: hammers are a kind of,Do you think hammers are a mechanical invention? Answer:
hammers,hand implement,2,2token,yes,-51.3125,-11.4375,-25.65625,-5.71875,6.122554779052734,Complete the sentence: hammers are a kind of,Do you think hammers are hand implements? Answer:
hammers,component,1,single_token,no,-13.5625,5.6875,-13.5625,5.6875,4.7410359382629395,Complete the sentence: hammers are a kind of,Do you think hammers are a component? Answer:
hammers,useful item,2,2token,yes,-18.03125,7.0625,-9.015625,3.53125,7.936933517456055,Complete the sentence: hammers are a kind of,Do you think hammers are useful items? Answer:
hammers,sledge,1,single_token,no,-13.1875,8.5625,-13.1875,8.5625,2.3792028427124023,Complete the sentence: hammers are a kind of,Do you think hammers are sledges? Answer:
hammers,cooking thing,2,2token,no,-70.375,-33.75,-35.1875,-16.875,2.7496511936187744,Complete the sentence: hammers are a kind of,Do you think hammers are cooking things? Answer:
hammers,lid,1,single_token,no,-23.5,-2.0,-23.5,-2.0,2.749967098236084,Complete the sentence: hammers are a kind of,Do you think hammers are lids? Answer:
hammers,cog,1,single_token,no,-21.5,-0.625,-21.5,-0.625,2.1206090450286865,Complete the sentence: hammers are a kind of,Do you think hammers are cogs? Answer:
hammers,do-it-yourself tool,6,gpt4_positive,yes,-116.9375,-86.72265625,-19.489583333333332,-14.453776041666666,5.746400356292725,Complete the sentence: hammers are a kind of,Do you think hammers are a do-it-yourself tool? Answer:
hammers,artefact,2,single_token,yes,-61.625,-28.1875,-30.8125,-14.09375,4.741015911102295,Complete the sentence: hammers are a kind of,Do you think hammers are artefacts? Answer:
hammers,blacksmith equipment,2,2token,yes,-47.875,-10.75,-23.9375,-5.375,3.3721249103546143,Complete the sentence: hammers are a kind of,Do you think hammers are blacksmith equipment? Answer:
hammers,this machine,2,2token,no,-21.65625,-0.71875,-10.828125,-0.359375,3.757542848587036,Complete the sentence: hammers are a kind of,Do you think hammers are machines? Answer:
hammers,chocolate,1,single_token,no,-32.5,-8.5,-32.5,-8.5,2.498676061630249,Complete the sentence: hammers are a kind of,Do you think hammers are chocolates? Answer:
hammers,worker tool,2,2token,yes,-30.6875,-2.0,-15.34375,-1.0,6.247818946838379,Complete the sentence: hammers are a kind of,Do you think hammers are worker tools? Answer:
hammers,household article,2,2token,yes,-42.125,-7.9375,-21.0625,-3.96875,6.3731303215026855,Complete the sentence: hammers are a kind of,Do you think hammers are household articles? Answer:
hammers,hardware store,2,2token,no,-40.0625,-14.46875,-20.03125,-7.234375,3.3720715045928955,Complete the sentence: hammers are a kind of,Do you think hammers are hardware stores? Answer:
hammers,science instrument,2,2token,no,-78.125,-28.75,-39.0625,-14.375,3.3721330165863037,Complete the sentence: hammers are a kind of,Do you think hammers are science instruments? Answer:
hammers,tech,1,single_token,yes,-14.0,4.875,-14.0,4.875,2.4980716705322266,Complete the sentence: hammers are a kind of,Do you think hammers are tech? Answer:
hammers,item,1,single_token,yes,-5.65625,13.34375,-5.65625,13.34375,6.122552394866943,Complete the sentence: hammers are a kind of,Do you think hammers are items? Answer:
hammers,useful machine,2,2token,yes,-24.03125,2.9375,-12.015625,1.46875,5.621014595031738,Complete the sentence: hammers are a kind of,Do you think hammers are useful machines? Answer:
hammers,work implement,2,gpt4_positive,yes,-52.9375,-13.8125,-26.46875,-6.90625,6.37303352355957,Complete the sentence: hammers are a kind of,Do you think hammers are a work implement? Answer:
hammers,inside,1,single_token,no,-15.5625,3.4375,-15.5625,3.4375,3.371983766555786,Complete the sentence: hammers are a kind of,Do you think hammers are inside? Answer:
hammers,mammal,1,single_token,no,-24.875,-0.625,-24.875,-0.625,2.882016181945801,Complete the sentence: hammers are a kind of,Do you think hammers are a mammal? Answer:
hammers,educational tool,2,gpt4_positive,no,-35.375,-10.578125,-17.6875,-5.2890625,4.992850303649902,Complete the sentence: hammers are a kind of,Do you think hammers are educational tools? Answer:
hammers,gardening implement,2,gpt4_positive,no,-71.375,-24.125,-35.6875,-12.0625,3.500821828842163,Complete the sentence: hammers are a kind of,Do you think hammers are a gardening implement? Answer:
hammers,household gadget,2,2token,yes,-30.875,-0.75,-15.4375,-0.375,6.247786998748779,Complete the sentence: hammers are a kind of,Do you think hammers are a household gadget? Answer:
hammers,profession,1,single_token,no,-19.625,3.125,-19.625,3.125,4.139710426330566,Complete the sentence: hammers are a kind of,Do you think hammers are professions? Answer:
hammers,repair instrument,2,2token,yes,-60.4375,-20.0625,-30.21875,-10.03125,3.8852317333221436,Complete the sentence: hammers are a kind of,Do you think hammers are a repair instrument? Answer:
hammers,sports tool,2,2token,no,-54.375,-21.0,-27.1875,-10.5,4.615015983581543,Complete the sentence: hammers are a kind of,Do you think hammers are sports tools? Answer:
hammers,mechanical thing,2,2token,yes,-49.0,-16.9375,-24.5,-8.46875,3.757594347000122,Complete the sentence: hammers are a kind of,Do you think hammers are mechanical things? Answer:
hammers,diy instrument,2,2token,yes,-59.125,-17.25,-29.5625,-8.625,3.500898838043213,Complete the sentence: hammers are a kind of,Do you think hammers are a diy instrument? Answer:
hammers,small weapon,2,2token,no,-16.875,9.78125,-8.4375,4.890625,3.7572999000549316,Complete the sentence: hammers are a kind of,Do you think hammers are a small weapon? Answer:
hammers,field instrument,2,gpt4_positive,no,-66.75,-27.125,-33.375,-13.5625,2.379209518432617,Complete the sentence: hammers are a kind of,Do you think hammers are a field instrument? Answer:
hammers,engineering machine,2,2token,no,-47.125,-20.59375,-23.5625,-10.296875,4.139788627624512,Complete the sentence: hammers are a kind of,Do you think hammers are engineering machines? Answer:
hammers,maintenance tool,2,gpt4_positive,yes,-37.625,-12.125,-18.8125,-6.0625,5.11876106262207,Complete the sentence: hammers are a kind of,Do you think hammers are a maintenance tool? Answer:
hammers,train,1,single_token,no,-22.0,-1.625,-22.0,-1.625,1.9970591068267822,Complete the sentence: hammers are a kind of,Do you think hammers are trains? Answer:
hammers,fabrication,1,single_token,no,-18.875,1.75,-18.875,1.75,4.1396565437316895,Complete the sentence: hammers are a kind of,Do you think hammers are a fabrication? Answer:
hammers,door opener,2,2token,no,-38.9375,-12.3125,-19.46875,-6.15625,2.881991386413574,Complete the sentence: hammers are a kind of,Do you think hammers are door openers? Answer:
hammers,weight machine,2,2token,no,-40.625,-13.0625,-20.3125,-6.53125,4.139885902404785,Complete the sentence: hammers are a kind of,Do you think hammers are a weight machine? Answer:
hammers,match,1,single_token,no,-21.0,0.0,-21.0,0.0,2.8819706439971924,Complete the sentence: hammers are a kind of,Do you think hammers are matches? Answer:
hammers,bend,1,single_token,no,-20.375,-1.5,-20.375,-1.5,3.0127930641174316,Complete the sentence: hammers are a kind of,Do you think hammers are bends? Answer:
hammers,sculptor,1,gpt4_negative,no,-24.125,0.625,-24.125,0.625,3.2582848072052,Complete the sentence: hammers are a kind of,Do you think hammers are sculptors? Answer:
hammers,art supply,2,2token,no,-39.875,-11.75,-19.9375,-5.875,4.614653587341309,Complete the sentence: hammers are a kind of,Do you think hammers are art supplies? Answer:
hammers,labor instrument,2,gpt4_positive,yes,-65.125,-16.75,-32.5625,-8.375,5.3700852394104,Complete the sentence: hammers are a kind of,Do you think hammers are a labor instrument? Answer:
hammers,craft instrument,2,2token,yes,-61.5625,-12.0625,-30.78125,-6.03125,3.757578134536743,Complete the sentence: hammers are a kind of,Do you think hammers are craft instruments? Answer:
hammers,blunt thing,2,2token,yes,-36.625,-7.1875,-18.3125,-3.59375,5.8718414306640625,Complete the sentence: hammers are a kind of,Do you think hammers are blunt things? Answer:
hammers,weight tool,2,2token,yes,-38.375,-7.6875,-19.1875,-3.84375,5.871943473815918,Complete the sentence: hammers are a kind of,Do you think hammers are weight tools? Answer:
hammers,error,1,single_token,no,-15.9375,3.5625,-15.9375,3.5625,2.2577784061431885,Complete the sentence: hammers are a kind of,Do you think hammers are errors? Answer:
hammers,disease,1,gpt4_negative,no,-28.75,-7.25,-28.75,-7.25,1.8721528053283691,Complete the sentence: hammers are a kind of,Do you think hammers are a disease? Answer:
hammers,wooden stick,2,2token,no,-45.125,-13.0,-22.5625,-6.5,3.3720080852508545,Complete the sentence: hammers are a kind of,Do you think hammers are wooden sticks? Answer:
hammers,glass,1,single_token,no,-26.0,-6.5,-26.0,-6.5,2.4987943172454834,Complete the sentence: hammers are a kind of,Do you think hammers are glasses? Answer:
hammers,home supply,2,2token,yes,-34.78125,-6.21875,-17.390625,-3.109375,5.621118068695068,Complete the sentence: hammers are a kind of,Do you think hammers are home supplies? Answer:
hammers,rock tool,2,2token,yes,-49.125,-21.125,-24.5625,-10.5625,4.2667236328125,Complete the sentence: hammers are a kind of,Do you think hammers are rock tools? Answer:
hammers,domestic weapon,2,2token,yes,-38.875,-6.75,-19.4375,-3.375,3.3722457885742188,Complete the sentence: hammers are a kind of,Do you think hammers are a domestic weapon? Answer:
hammers,occupational tool,2,gpt4_positive,yes,-32.5625,-3.0625,-16.28125,-1.53125,6.122618675231934,Complete the sentence: hammers are a kind of,Do you think hammers are occupational tools? Answer:
hammers,plan,1,gpt4_negative,no,-16.625,0.125,-16.625,0.125,4.392865180969238,Complete the sentence: hammers are a kind of,Do you think hammers are a plan? Answer:
hammers,nail equipment,2,2token,no,-55.25,-15.5,-27.625,-7.75,5.997297286987305,Complete the sentence: hammers are a kind of,Do you think hammers are nail equipment? Answer:
hammers,mace,1,single_token,no,-22.5,-1.75,-22.5,-1.75,2.258380174636841,Complete the sentence: hammers are a kind of,Do you think hammers are maces? Answer:
hammers,convenience,1,single_token,yes,-15.9375,7.1875,-15.9375,7.1875,4.139157772064209,Complete the sentence: hammers are a kind of,Do you think hammers are a convenience? Answer:
hammers,diy hardware,2,2token,yes,-46.375,-11.0,-23.1875,-5.5,5.62104606628418,Complete the sentence: hammers are a kind of,Do you think hammers are DIY hardware? Answer:
hammers,kit,1,single_token,no,-11.5625,7.0625,-11.5625,7.0625,3.75734281539917,Complete the sentence: hammers are a kind of,Do you think hammers are kits? Answer:
hammers,restaurant,1,gpt4_negative,no,-28.375,-7.125,-28.375,-7.125,2.3793764114379883,Complete the sentence: hammers are a kind of,Do you think hammers are restaurants? Answer:
hammers,working material,2,2token,no,-36.125,-11.8125,-18.0625,-5.90625,6.12256383895874,Complete the sentence: hammers are a kind of,Do you think hammers are a working material? Answer:
hammers,household accessory,2,2token,yes,-38.625,-1.375,-19.3125,-0.6875,6.247818470001221,Complete the sentence: hammers are a kind of,Do you think hammers are household accessories? Answer:
hammers,household weapon,2,2token,yes,-31.5,2.4375,-15.75,1.21875,4.012574672698975,Complete the sentence: hammers are a kind of,Do you think hammers are a household weapon? Answer:
hammers,practical object,2,gpt4_positive,yes,-28.6875,-0.625,-14.34375,-0.3125,6.748519420623779,Complete the sentence: hammers are a kind of,Do you think hammers are a practical object? Answer:
hammers,pet,1,single_token,no,-22.25,-3.0,-22.25,-3.0,2.378776788711548,Complete the sentence: hammers are a kind of,Do you think hammers are a pet? Answer:
hammers,hard good,2,2token,yes,-32.125,-5.0,-16.0625,-2.5,5.620950222015381,Complete the sentence: hammers are a kind of,Do you think hammers are a hard good? Answer:
hammers,stop,1,single_token,no,-15.9375,3.0625,-15.9375,3.0625,6.748574733734131,Complete the sentence: hammers are a kind of,Do you think hammers are a tool? Answer:
hammers,poor,1,single_token,no,-20.25,1.875,-20.25,1.875,2.498208999633789,Complete the sentence: hammers are a kind of,Do you think hammers are poor? Answer:
hammers,improvement,1,single_token,yes,-14.0625,4.8125,-14.0625,4.8125,3.8841135501861572,Complete the sentence: hammers are a kind of,Do you think hammers are an improvement? Answer:
hammers,touch,1,single_token,no,-15.9375,7.1875,-15.9375,7.1875,3.385977029800415,Complete the sentence: hammers are a kind of,Do you think hammers are a touchy subject? Answer:
hammers,workshop material,2,2token,yes,-40.75,-11.8125,-20.375,-5.90625,5.118833541870117,Complete the sentence: hammers are a kind of,Do you think hammers are a workshop material? Answer:
hammers,useful gadget,2,2token,yes,-20.40625,6.0625,-10.203125,3.03125,7.123832702636719,Complete the sentence: hammers are a kind of,Do you think hammers are a useful gadget? Answer:
hammers,exercise implement,2,2token,yes,-67.0,-31.5,-33.5,-15.75,4.0126142501831055,Complete the sentence: hammers are a kind of,Do you think hammers are exercise implements? Answer:
hammers,operation,1,single_token,no,-16.5,4.0,-16.5,4.0,3.885058641433716,Complete the sentence: hammers are a kind of,Do you think hammers are operations? Answer:
hammers,elbow,1,single_token,no,-21.375,0.125,-21.375,0.125,2.4979240894317627,Complete the sentence: hammers are a kind of,Do you think hammers are elbows? Answer:
hammers,craft implement,2,2token,yes,-57.8125,-15.9375,-28.90625,-7.96875,5.997204780578613,Complete the sentence: hammers are a kind of,Do you think hammers are craft implements? Answer:
hammers,hoof,1,single_token,no,-28.5,-7.5,-28.5,-7.5,2.120781660079956,Complete the sentence: hammers are a kind of,Do you think hammers are hooves? Answer:
hammers,ling,1,single_token,no,-23.125,-2.125,-23.125,-2.125,2.881809711456299,Complete the sentence: hammers are a kind of,Do you think hammers are lings? Answer:
hammers,named object,2,gpt4_positive,no,-33.5625,-9.125,-16.78125,-4.5625,4.740898609161377,Complete the sentence: hammers are a kind of,Do you think hammers are named objects? Answer:
hammers,game equipment,2,2token,no,-55.25,-22.0,-27.625,-11.0,3.128570079803467,Complete the sentence: hammers are a kind of,Do you think hammers are game equipment? Answer:
hammers,condiment,2,existing_hypernyms,no,-53.5,-31.546875,-26.75,-15.7734375,2.379063844680786,Complete the sentence: hammers are a kind of,Do you think hammers are a condiment? Answer:
hammers,cottage,1,single_token,no,-19.875,3.625,-19.875,3.625,2.750102996826172,Complete the sentence: hammers are a kind of,Do you think hammers are cottages? Answer:
hammers,writing,1,single_token,no,-15.5,4.0,-15.5,4.0,3.12831974029541,Complete the sentence: hammers are a kind of,Do you think hammers are writings? Answer:
hammers,carriage,1,single_token,no,-24.625,-1.875,-24.625,-1.875,2.4988715648651123,Complete the sentence: hammers are a kind of,Do you think hammers are carriages? Answer:
hammers,wildlifes,2,single_token,no,-51.9375,-16.125,-25.96875,-8.0625,3.2585415840148926,Complete the sentence: hammers are a kind of,Do you think hammers are wildlife? Answer:
hammers,steel equipment,2,2token,yes,-53.125,-22.125,-26.5625,-11.0625,5.370156764984131,Complete the sentence: hammers are a kind of,Do you think hammers are steel equipment? Answer:
hammers,animal tool,2,2token,no,-46.875,-6.75,-23.4375,-3.375,5.872010707855225,Complete the sentence: hammers are a kind of,Do you think hammers are animal tools? Answer:
hammers,diy tool,2,2token,yes,-33.375,-8.0,-16.6875,-4.0,5.746453762054443,Complete the sentence: hammers are a kind of,Do you think hammers are a diy tool? Answer:
hammers,pollutant,1,single_token,no,-29.125,-5.0,-29.125,-5.0,2.632600784301758,Complete the sentence: hammers are a kind of,Do you think hammers are a pollutant? Answer:
hammers,stein,1,single_token,no,-30.0,-8.0,-30.0,-8.0,2.258148431777954,Complete the sentence: hammers are a kind of,Do you think hammers are steins? Answer:
hammers,engineering item,2,2token,yes,-50.5,-17.375,-25.25,-8.6875,5.4956583976745605,Complete the sentence: hammers are a kind of,Do you think hammers are engineering items? Answer:
hammers,striker,1,single_token,yes,-14.8125,5.5625,-14.8125,5.5625,4.012455463409424,Complete the sentence: hammers are a kind of,Do you think hammers are strikers? Answer:
hammers,useful article,2,2token,yes,-34.15625,-4.96875,-17.078125,-2.484375,7.499182224273682,Complete the sentence: hammers are a kind of,Do you think hammers are useful articles? Answer:
hammers,carpentry material,2,2token,yes,-44.375,-6.5,-22.1875,-3.25,4.867112636566162,Complete the sentence: hammers are a kind of,Do you think hammers are a carpentry material? Answer:
hammers,sun,1,single_token,no,-27.375,-7.0,-27.375,-7.0,1.5010721683502197,Complete the sentence: hammers are a kind of,Do you think hammers are suns? Answer:
hammers,primary tool,2,gpt4_positive,yes,-24.625,1.5625,-12.3125,0.78125,5.2444329261779785,Complete the sentence: hammers are a kind of,Do you think hammers are a primary tool? Answer:
hammers,medal,1,gpt4_negative,no,-24.875,-2.375,-24.875,-2.375,2.2586276531219482,Complete the sentence: hammers are a kind of,Do you think hammers are medals? Answer:
hammers,crate,1,single_token,no,-11.8125,9.3125,-11.8125,9.3125,3.1283304691314697,Complete the sentence: hammers are a kind of,Do you think hammers are crates? Answer:
hammers,useful gadget,2,2token,yes,-20.40625,6.0625,-10.203125,3.03125,7.123882293701172,Complete the sentence: hammers are a kind of,Do you think hammers are useful gadgets? Answer:
hammers,striking instrument,2,gpt4_positive,yes,-43.3125,-8.8125,-21.65625,-4.40625,3.5010292530059814,Complete the sentence: hammers are a kind of,Do you think hammers are a striking instrument? Answer:
hammers,musical device,2,2token,no,-61.625,-27.375,-30.8125,-13.6875,2.750058889389038,Complete the sentence: hammers are a kind of,Do you think hammers are a musical device? Answer:
hammers,mechanic thing,2,2token,yes,-58.5,-24.9375,-29.25,-12.46875,3.3719985485076904,Complete the sentence: hammers are a kind of,Do you think hammers are a mechanic thing? Answer:
hammers,work gear,2,2token,yes,-35.4375,-2.8125,-17.71875,-1.40625,6.498311996459961,Complete the sentence: hammers are a kind of,Do you think hammers are work gear? Answer:
hammers,craft worker,2,2token,no,-41.1875,-8.375,-20.59375,-4.1875,4.992992401123047,Complete the sentence: hammers are a kind of,Do you think hammers are craft workers? Answer:
hammers,essay,1,single_token,no,-19.125,1.625,-19.125,1.625,2.120114803314209,Complete the sentence: hammers are a kind of,Do you think hammers are essays? Answer:
hammers,gesture,1,single_token,no,-13.8125,7.9375,-13.8125,7.9375,3.6291604042053223,Complete the sentence: hammers are a kind of,Do you think hammers are a gesture? Answer:
hammers,statement,1,single_token,no,-15.0,5.625,-15.0,5.625,4.138655185699463,Complete the sentence: hammers are a kind of,Do you think hammers are a statement? Answer:
hammers,arm,1,single_token,no,-12.375,5.75,-12.375,5.75,2.120997905731201,Complete the sentence: hammers are a kind of,Do you think hammers are an army? Answer:
hammers,workmanship,1,single_token,no,-20.25,4.75,-20.25,4.75,5.118765830993652,Complete the sentence: hammers are a kind of,Do you think hammers are workmanship? Answer:
hammers,working object,2,2token,yes,-38.25,-6.625,-19.125,-3.3125,6.623428821563721,Complete the sentence: hammers are a kind of,Do you think hammers are a working object? Answer:
hammers,year,1,single_token,no,-16.75,3.625,-16.75,3.625,1.752790927886963,Complete the sentence: hammers are a kind of,Do you think hammers are years? Answer:
hammers,cow,1,single_token,no,-32.0,-9.5,-32.0,-9.5,1.9971864223480225,Complete the sentence: hammers are a kind of,Do you think hammers are cows? Answer:
hammers,measuring utensil,3,2token,no,-95.125,-43.625,-31.708333333333332,-14.541666666666666,3.757427930831909,Complete the sentence: hammers are a kind of,Do you think hammers are measuring utensils? Answer:
hammers,engineering hardware,2,2token,yes,-53.625,-19.25,-26.8125,-9.625,5.370107173919678,Complete the sentence: hammers are a kind of,Do you think hammers are engineering hardware? Answer:
hammers,exercise device,2,2token,no,-57.25,-27.625,-28.625,-13.8125,3.372076988220215,Complete the sentence: hammers are a kind of,Do you think hammers are exercise devices? Answer:
hammers,carpentry implement,2,2token,yes,-60.5,-9.5,-30.25,-4.75,5.244441032409668,Complete the sentence: hammers are a kind of,Do you think hammers are a carpentry implement? Answer:
hammers,object tool,2,2token,yes,-28.15625,1.34375,-14.078125,0.671875,6.873754024505615,Complete the sentence: hammers are a kind of,Do you think hammers are object tools? Answer:
hammers,communication,1,gpt4_negative,no,-16.0,4.75,-16.0,4.75,2.997622489929199,Complete the sentence: hammers are a kind of,Do you think hammers are communication? Answer:
hammers,ho,1,single_token,no,-14.6875,5.6875,-14.6875,5.6875,2.749540328979492,Complete the sentence: hammers are a kind of,Do you think hammers are hoes? Answer:
hammers,trace,1,single_token,no,-17.75,4.625,-17.75,4.625,3.629173517227173,Complete the sentence: hammers are a kind of,Do you think hammers are traceable? Answer:
hammers,fist,1,single_token,no,-20.375,0.5,-20.375,0.5,3.127868890762329,Complete the sentence: hammers are a kind of,Do you think hammers are fists? Answer:
hammers,mechanic machine,2,2token,no,-49.875,-19.65625,-24.9375,-9.828125,3.372361898422241,Complete the sentence: hammers are a kind of,Do you think hammers are mechanical machines? Answer:
hammers,this activity,2,2token,no,-31.40625,-5.84375,-15.703125,-2.921875,6.247826099395752,Complete the sentence: hammers are a kind of,Do you think hammers are an activity? Answer:
hammers,material thing,2,2token,yes,-49.25,-19.1875,-24.625,-9.59375,5.746530055999756,Complete the sentence: hammers are a kind of,Do you think hammers are a material thing? Answer:
hammers,active tool,2,gpt4_positive,yes,-29.375,-1.53125,-14.6875,-0.765625,6.373034954071045,Complete the sentence: hammers are a kind of,Do you think hammers are an active tool? Answer:
hammers,piece tool,2,2token,no,-33.25,-3.4375,-16.625,-1.71875,6.373095989227295,Complete the sentence: hammers are a kind of,Do you think hammers are pieces of tools? Answer:
hammers,woodworking device,2,2token,yes,-46.5,-4.125,-23.25,-2.0625,4.614864349365234,Complete the sentence: hammers are a kind of,Do you think hammers are a woodworking device? Answer:
hammers,industrial implement,2,gpt4_positive,yes,-53.125,-18.8125,-26.5625,-9.40625,6.2478837966918945,Complete the sentence: hammers are a kind of,Do you think hammers are industrial implements? Answer:
hammers,cash,1,single_token,no,-27.125,-8.0,-27.125,-8.0,1.9972864389419556,Complete the sentence: hammers are a kind of,Do you think hammers are cash? Answer:
hammers,horse,1,single_token,no,-32.25,-9.0,-32.25,-9.0,1.7527130842208862,Complete the sentence: hammers are a kind of,Do you think hammers are horses? Answer:
hammers,potions,1,single_token,no,-28.375,-3.625,-28.375,-3.625,1.9970602989196777,Complete the sentence: hammers are a kind of,Do you think hammers are a potion? Answer:
hammers,alarm,1,single_token,no,-23.75,-2.5,-23.75,-2.5,2.7500061988830566,Complete the sentence: hammers are a kind of,Do you think hammers are alarms? Answer:
hammers,job tool,2,2token,yes,-33.9375,-4.8125,-16.96875,-2.40625,6.498290061950684,Complete the sentence: hammers are a kind of,Do you think hammers are job tools? Answer:
hammers,small animal,2,2token,no,-36.0,-9.34375,-18.0,-4.671875,3.5009634494781494,Complete the sentence: hammers are a kind of,Do you think hammers are small animals? Answer:
hammers,work thing,2,2token,yes,-43.9375,-12.0625,-21.96875,-6.03125,6.748539924621582,Complete the sentence: hammers are a kind of,Do you think hammers are work things? Answer:
hammers,measuring appliance,2,2token,no,-56.875,-25.0625,-28.4375,-12.53125,3.7574985027313232,Complete the sentence: hammers are a kind of,Do you think hammers are a measuring appliance? Answer:
hammers,factory product,2,2token,yes,-49.625,-23.53125,-24.8125,-11.765625,3.37215518951416,Complete the sentence: hammers are a kind of,Do you think hammers are a factory product? Answer:
hammers,domestic good,2,2token,yes,-38.0,-6.375,-19.0,-3.1875,4.4887495040893555,Complete the sentence: hammers are a kind of,Do you think hammers are domestic goods? Answer:
hammers,lorry,1,single_token,no,-27.875,-5.125,-27.875,-5.125,1.8727912902832031,Complete the sentence: hammers are a kind of,Do you think hammers are lorries? Answer:
hammers,trap,1,single_token,no,-14.3125,9.5625,-14.3125,9.5625,2.9974992275238037,Complete the sentence: hammers are a kind of,Do you think hammers are traps? Answer:
hammers,man tool,2,2token,yes,-31.1875,-3.5,-15.59375,-1.75,6.247798919677734,Complete the sentence: hammers are a kind of,Do you think hammers are tools? Answer:
hammers,door hanger,2,2token,no,-47.1875,-19.8125,-23.59375,-9.90625,2.632408857345581,Complete the sentence: hammers are a kind of,Do you think hammers are door hangers? Answer:
hammers,door handle,2,2token,no,-47.3125,-23.1875,-23.65625,-11.59375,2.632631540298462,Complete the sentence: hammers are a kind of,Do you think hammers are door handles? Answer:
hammers,banana,1,single_token,no,-32.0,-9.5,-32.0,-9.5,2.258113384246826,Complete the sentence: hammers are a kind of,Do you think hammers are bananas? Answer:
hammers,weld,1,single_token,no,-24.25,-1.0,-24.25,-1.0,2.120619058609009,Complete the sentence: hammers are a kind of,Do you think hammers are welds? Answer:
hammers,hardware object,2,2token,yes,-48.4375,-15.375,-24.21875,-7.6875,5.997223377227783,Complete the sentence: hammers are a kind of,Do you think hammers are a hardware object? Answer:
hammers,crafted object,2,gpt4_positive,yes,-25.5,2.625,-12.75,1.3125,6.247795581817627,Complete the sentence: hammers are a kind of,Do you think hammers are a crafted object? Answer:
hammers,domestic product,2,2token,yes,-42.375,-13.25,-21.1875,-6.625,3.8852570056915283,Complete the sentence: hammers are a kind of,Do you think hammers are a domestic product? Answer:
hammers,modifier,1,single_token,no,-20.125,-0.25,-20.125,-0.25,3.0123653411865234,Complete the sentence: hammers are a kind of,Do you think hammers are a modifier? Answer:
hammers,work out,2,2token,yes,-38.3125,-14.4375,-19.15625,-7.21875,3.3871383666992188,Complete the sentence: hammers are a kind of,Do you think hammers are a workout? Answer:
hammers,fetch,1,single_token,no,-19.375,1.25,-19.375,1.25,2.7493410110473633,Complete the sentence: hammers are a kind of,Do you think hammers are fetching? Answer:
hammers,vocation,1,single_token,no,-20.25,0.75,-20.25,0.75,4.012517929077148,Complete the sentence: hammers are a kind of,Do you think hammers are a vocation? Answer:
hammers,workshop object,2,2token,yes,-46.5,-13.0,-23.25,-6.5,5.244442939758301,Complete the sentence: hammers are a kind of,Do you think hammers are a workshop object? Answer:
hammers,clothes hanger,2,2token,no,-57.25,-25.1875,-28.625,-12.59375,2.997819662094116,Complete the sentence: hammers are a kind of,Do you think hammers are clothes hangers? Answer:
hammers,engineering equipment,2,2token,yes,-48.625,-20.96875,-24.3125,-10.484375,4.867112636566162,Complete the sentence: hammers are a kind of,Do you think hammers are engineering equipment? Answer:
hammers,repair device,2,2token,yes,-47.9375,-19.9375,-23.96875,-9.96875,5.118778228759766,Complete the sentence: hammers are a kind of,Do you think hammers are a repair device? Answer:
hammers,exercise apparatus,2,2token,no,-62.75,-28.5,-31.375,-14.25,3.6294918060302734,Complete the sentence: hammers are a kind of,Do you think hammers are exercise apparatuses? Answer:
hammers,lead,1,single_token,no,-19.125,-0.125,-19.125,-0.125,2.2580947875976562,Complete the sentence: hammers are a kind of,Do you think hammers are leads? Answer:
hammers,phon,1,single_token,no,-28.25,-6.625,-28.25,-6.625,2.632718324661255,Complete the sentence: hammers are a kind of,Do you think hammers are phons? Answer:
hammers,mobility,1,single_token,no,-17.75,2.875,-17.75,2.875,2.4977691173553467,Complete the sentence: hammers are a kind of,Do you think hammers are a mobility aid? Answer:
hammers,murderer,1,single_token,no,-24.25,-0.625,-24.25,-0.625,2.2584900856018066,Complete the sentence: hammers are a kind of,Do you think hammers are murderers? Answer:
hammers,mortal,1,single_token,no,-18.375,3.0,-18.375,3.0,3.1279430389404297,Complete the sentence: hammers are a kind of,Do you think hammers are mortals? Answer:
hammers,wood piece,2,2token,no,-49.0,-18.9375,-24.5,-9.46875,4.7410430908203125,Complete the sentence: hammers are a kind of,Do you think hammers are wood pieces? Answer:
hammers,crusher,1,single_token,no,-18.125,4.75,-18.125,4.75,3.128448247909546,Complete the sentence: hammers are a kind of,Do you think hammers are crushers? Answer:
hammers,shields,1,single_token,no,-21.375,3.125,-21.375,3.125,2.378721237182617,Complete the sentence: hammers are a kind of,Do you think hammers are a shield? Answer:
hammers,role,1,single_token,no,-16.375,4.25,-16.375,4.25,5.244353294372559,Complete the sentence: hammers are a kind of,Do you think hammers are a role? Answer:
hammers,soft food,2,2token,no,-53.625,-20.0625,-26.8125,-10.03125,2.749864339828491,Complete the sentence: hammers are a kind of,Do you think hammers are a soft food? Answer:
hammers,engineering object,2,2token,yes,-50.875,-15.75,-25.4375,-7.875,5.370058059692383,Complete the sentence: hammers are a kind of,Do you think hammers are engineering objects? Answer:
hammers,practical item,2,gpt4_positive,yes,-27.9375,0.0,-13.96875,0.0,6.748474597930908,Complete the sentence: hammers are a kind of,Do you think hammers are a practical item? Answer:
hammers,cursors,2,single_token,no,-50.125,-27.8984375,-25.0625,-13.94921875,2.4984748363494873,Complete the sentence: hammers are a kind of,Do you think hammers are cursors? Answer:
hammers,period,1,single_token,no,-21.625,-1.0,-21.625,-1.0,3.128067970275879,Complete the sentence: hammers are a kind of,Do you think hammers are a period? Answer:
hammers,badge,1,single_token,no,-15.125,4.625,-15.125,4.625,2.3790712356567383,Complete the sentence: hammers are a kind of,Do you think hammers are badges? Answer:
hammers,diy product,2,2token,yes,-42.375,-13.5,-21.1875,-6.75,5.118633270263672,Complete the sentence: hammers are a kind of,Do you think hammers are a diy product? Answer:
hammers,support tool,2,gpt4_positive,yes,-36.625,-10.53125,-18.3125,-5.265625,4.992892265319824,Complete the sentence: hammers are a kind of,Do you think hammers are a support tool? Answer:
hammers,nut cracker,2,2token,no,-56.75,-22.5625,-28.375,-11.28125,3.372145414352417,Complete the sentence: hammers are a kind of,Do you think hammers are nut crackers? Answer:
hammers,survival tool,2,gpt4_positive,yes,-32.25,-5.15625,-16.125,-2.578125,5.997158527374268,Complete the sentence: hammers are a kind of,Do you think hammers are a survival tool? Answer:
hammers,engineered object,2,gpt4_positive,yes,-43.0,-15.75,-21.5,-7.875,5.495538711547852,Complete the sentence: hammers are a kind of,Do you think hammers are engineered objects? Answer:
hammers,engineering good,2,2token,yes,-48.0,-16.6875,-24.0,-8.34375,4.993036270141602,Complete the sentence: hammers are a kind of,Do you think hammers are engineering goods? Answer:
hammers,engineering design,2,2token,yes,-49.5,-23.96875,-24.75,-11.984375,5.118565082550049,Complete the sentence: hammers are a kind of,Do you think hammers are an engineering design? Answer:
hammers,carpenter tool,2,2token,yes,-33.625,-0.125,-16.8125,-0.0625,6.247859477996826,Complete the sentence: hammers are a kind of,Do you think hammers are carpenter tools? Answer:
hammers,steel instrument,2,2token,no,-66.625,-28.25,-33.3125,-14.125,3.128444194793701,Complete the sentence: hammers are a kind of,Do you think hammers are steel instruments? Answer:
hammers,power machine,2,2token,no,-35.0625,-8.0,-17.53125,-4.0,3.7576656341552734,Complete the sentence: hammers are a kind of,Do you think hammers are power machines? Answer:
hammers,measuring object,2,2token,no,-46.5,-17.8125,-23.25,-8.90625,3.629392147064209,Complete the sentence: hammers are a kind of,Do you think hammers are a measuring object? Answer:
hammers,beating tool,2,gpt4_positive,yes,-29.8125,-0.875,-14.90625,-0.4375,5.370082378387451,Complete the sentence: hammers are a kind of,Do you think hammers are a beating tool? Answer:
hammers,gardening accessory,2,2token,no,-64.375,-20.0,-32.1875,-10.0,3.3720951080322266,Complete the sentence: hammers are a kind of,Do you think hammers are a gardening accessory? Answer:
hammers,wooden nail,2,2token,no,-50.75,-14.5625,-25.375,-7.28125,4.139613628387451,Complete the sentence: hammers are a kind of,Do you think hammers are wooden nails? Answer:
hammers,engineering implement,2,2token,yes,-65.5,-27.875,-32.75,-13.9375,5.746519565582275,Complete the sentence: hammers are a kind of,Do you think hammers are engineering implements? Answer:
hammers,work apparatus,2,gpt4_positive,yes,-49.6875,-8.9375,-24.84375,-4.46875,6.247785568237305,Complete the sentence: hammers are a kind of,Do you think hammers are a work apparatus? Answer:
hammers,mechanic tool,2,2token,yes,-42.75,-14.28125,-21.375,-7.140625,4.488624095916748,Complete the sentence: hammers are a kind of,Do you think hammers are mechanic tools? Answer:
hammers,noun instrument,2,2token,no,-61.125,-14.75,-30.5625,-7.375,2.9975125789642334,Complete the sentence: hammers are a kind of,Do you think hammers are instruments? Answer:
hammers,sports event,2,2token,no,-70.875,-42.0625,-35.4375,-21.03125,2.378894805908203,Complete the sentence: hammers are a kind of,Do you think hammers are a sports event? Answer:
hammers,player,1,gpt4_negative,no,-20.375,0.75,-20.375,0.75,2.498194456100464,Complete the sentence: hammers are a kind of,Do you think hammers are players? Answer:
hammers,sport wear,2,2token,no,-63.75,-33.0625,-31.875,-16.53125,3.258652448654175,Complete the sentence: hammers are a kind of,Do you think hammers are sport wear? Answer:
hammers,flat material,2,2token,no,-37.125,-9.15625,-18.5625,-4.578125,4.741084098815918,Complete the sentence: hammers are a kind of,Do you think hammers are a flat material? Answer:
hammers,portable object,2,gpt4_positive,yes,-25.25,2.40625,-12.625,1.203125,6.247829914093018,Complete the sentence: hammers are a kind of,Do you think hammers are portable objects? Answer:
hammers,diy good,2,2token,yes,-41.625,-10.0,-20.8125,-5.0,5.495565891265869,Complete the sentence: hammers are a kind of,Do you think hammers are DIY goods? Answer:
hammers,workshop equipment,2,2token,yes,-40.625,-9.125,-20.3125,-4.5625,4.993027210235596,Complete the sentence: hammers are a kind of,Do you think hammers are workshop equipment? Answer:
hammers,toy box,2,2token,no,-44.5,-16.28125,-22.25,-8.140625,2.8820648193359375,Complete the sentence: hammers are a kind of,Do you think hammers are toy boxes? Answer:
hammers,sharp edge,2,2token,no,-34.1875,-10.375,-17.09375,-5.1875,5.620950698852539,Complete the sentence: hammers are a kind of,Do you think hammers are sharp edges? Answer:
hammers,soft good,2,2token,no,-39.5,-11.5,-19.75,-5.75,3.629359483718872,Complete the sentence: hammers are a kind of,Do you think hammers are a soft good? Answer:
hammers,device tool,2,2token,yes,-32.25,-3.5,-16.125,-1.75,6.247874736785889,Complete the sentence: hammers are a kind of,Do you think hammers are device tools? Answer:
hammers,sports article,2,2token,no,-70.625,-33.125,-35.3125,-16.5625,2.997591733932495,Complete the sentence: hammers are a kind of,Do you think hammers are a sports article? Answer:
hammers,art object,2,2token,no,-37.25,-10.5,-18.625,-5.25,5.746398448944092,Complete the sentence: hammers are a kind of,Do you think hammers are art objects? Answer:
hammers,functioning tool,2,gpt4_positive,yes,-24.8125,2.375,-12.40625,1.1875,6.372842311859131,Complete the sentence: hammers are a kind of,Do you think hammers are a functioning tool? Answer:
hammers,woodworking item,2,2token,yes,-42.0,-6.6875,-21.0,-3.34375,4.266499996185303,Complete the sentence: hammers are a kind of,Do you think hammers are a woodworking item? Answer:
hammers,carpentry device,2,2token,yes,-52.25,-3.375,-26.125,-1.6875,5.370074272155762,Complete the sentence: hammers are a kind of,Do you think hammers are a carpentry device? Answer:
hammers,post office,2,gpt4_negative,no,-39.25,-18.046875,-19.625,-9.0234375,2.8820059299468994,Complete the sentence: hammers are a kind of,Do you think hammers are post offices? Answer:
hammers,science article,2,2token,no,-70.375,-34.875,-35.1875,-17.4375,2.6320996284484863,Complete the sentence: hammers are a kind of,Do you think hammers are science articles? Answer:
hammers,factory job,2,2token,no,-50.5,-24.1875,-25.25,-12.09375,2.8817901611328125,Complete the sentence: hammers are a kind of,Do you think hammers are factory jobs? Answer:
hammers,used item,2,2token,yes,-36.0,-10.0,-18.0,-5.0,5.87199592590332,Complete the sentence: hammers are a kind of,Do you think hammers are used items? Answer:
hammers,writing implement,2,2token,no,-60.0,-26.5,-30.0,-13.25,3.258100986480713,Complete the sentence: hammers are a kind of,Do you think hammers are a writing implement? Answer:
hammers,carpentry material,2,2token,yes,-44.375,-6.5,-22.1875,-3.25,4.867119789123535,Complete the sentence: hammers are a kind of,Do you think hammers are carpentry materials? Answer:
hammers,personal tool,2,gpt4_positive,yes,-23.5625,-0.0625,-11.78125,-0.03125,6.247780799865723,Complete the sentence: hammers are a kind of,Do you think hammers are a personal tool? Answer:
hammers,musical instrumento,2,2token,yes,-67.625,-33.5,-33.8125,-16.75,2.881929874420166,Complete the sentence: hammers are a kind of,Do you think hammers are musical instruments? Answer:
hammers,industrial equipment,2,2token,yes,-37.25,-14.5625,-18.625,-7.28125,4.741142272949219,Complete the sentence: hammers are a kind of,Do you think hammers are industrial equipment? Answer:
hammers,mechanic hardware,2,2token,yes,-55.5,-15.0,-27.75,-7.5,4.266662120819092,Complete the sentence: hammers are a kind of,Do you think hammers are mechanic hardware? Answer:
hammers,carpenter material,2,2token,yes,-43.875,-3.0,-21.9375,-1.5,5.11881160736084,Complete the sentence: hammers are a kind of,Do you think hammers are carpenter materials? Answer:
hammers,factory implement,2,2token,yes,-64.25,-31.5625,-32.125,-15.78125,4.012588024139404,Complete the sentence: hammers are a kind of,Do you think hammers are a factory implement? Answer:
hammers,factory product,2,2token,yes,-49.625,-23.53125,-24.8125,-11.765625,3.885267734527588,Complete the sentence: hammers are a kind of,Do you think hammers are factory products? Answer:
hammers,apple hammer,2,2token,no,-64.5,-20.0,-32.25,-10.0,2.6326122283935547,Complete the sentence: hammers are a kind of,Do you think hammers are apple hammers? Answer:
hammers,creativity,1,gpt4_negative,no,-15.5625,5.4375,-15.5625,5.4375,5.9969353675842285,Complete the sentence: hammers are a kind of,Do you think hammers are creative? Answer:
hammers,journalist,1,gpt4_negative,no,-21.25,0.625,-21.25,0.625,2.1203222274780273,Complete the sentence: hammers are a kind of,Do you think hammers are journalists? Answer:
hammers,blunt device,2,2token,yes,-38.875,-9.1875,-19.4375,-4.59375,5.997232437133789,Complete the sentence: hammers are a kind of,Do you think hammers are blunt devices? Answer:
hammers,diy object,2,2token,yes,-45.5,-10.625,-22.75,-5.3125,5.369922161102295,Complete the sentence: hammers are a kind of,Do you think hammers are a diy object? Answer:
hammers,carpentry supply,2,2token,yes,-45.125,-8.3125,-22.5625,-4.15625,4.741046905517578,Complete the sentence: hammers are a kind of,Do you think hammers are carpentry supplies? Answer:
hammers,weight machinery,2,2token,no,-51.625,-13.75,-25.8125,-6.875,4.26670503616333,Complete the sentence: hammers are a kind of,Do you think hammers are weight machinery? Answer:
hammers,tunnels,1,gpt4_negative,no,-24.375,-1.625,-24.375,-1.625,1.9973068237304688,Complete the sentence: hammers are a kind of,Do you think hammers are tunnels? Answer:
hammers,simple mechanism,2,2token,yes,-38.125,-7.8125,-19.0625,-3.90625,4.266404151916504,Complete the sentence: hammers are a kind of,Do you think hammers are a simple mechanism? Answer:
hammers,simple thing,2,2token,yes,-27.0,-1.6875,-13.5,-0.84375,5.997148513793945,Complete the sentence: hammers are a kind of,Do you think hammers are simple things? Answer:
hammers,simple object,2,2token,yes,-29.125,-0.6875,-14.5625,-0.34375,5.8718695640563965,Complete the sentence: hammers are a kind of,Do you think hammers are simple objects? Answer:
hammers,science thing,2,2token,no,-66.875,-31.9375,-33.4375,-15.96875,4.519326686859131,Complete the sentence: hammers are a kind of,Do you think hammers are a science thing? Answer:
hammers,mechanic apparatus,2,2token,yes,-63.0,-22.75,-31.5,-11.375,4.012552261352539,Complete the sentence: hammers are a kind of,Do you think hammers are mechanical apparatuses? Answer:
hammers,chisel tool,2,2token,no,-42.125,-13.09375,-21.0625,-6.546875,4.741063117980957,Complete the sentence: hammers are a kind of,Do you think hammers are chisel tools? Answer:
hammers,garden device,2,2token,no,-63.375,-17.0,-31.6875,-8.5,3.629518985748291,Complete the sentence: hammers are a kind of,Do you think hammers are a garden device? Answer:
hammers,exercise gadget,2,2token,no,-53.75,-20.25,-26.875,-10.125,3.3721764087677,Complete the sentence: hammers are a kind of,Do you think hammers are exercise gadgets? Answer:
hammers,woodworking accessory,2,2token,yes,-48.5,-5.5,-24.25,-2.75,4.519509315490723,Complete the sentence: hammers are a kind of,Do you think hammers are a woodworking accessory? Answer:
hammers,material possession,2,gpt4_positive,yes,-48.0,-19.625,-24.0,-9.8125,5.997300624847412,Complete the sentence: hammers are a kind of,Do you think hammers are a material possession? Answer:
hammers,capital good,2,gpt4_positive,yes,-47.625,-18.6875,-23.8125,-9.34375,4.012567520141602,Complete the sentence: hammers are a kind of,Do you think hammers are a capital good? Answer:
hammers,simple apparatus,2,2token,yes,-40.5,-5.75,-20.25,-2.875,5.871825695037842,Complete the sentence: hammers are a kind of,Do you think hammers are simple apparatuses? Answer:
hammers,carpenter tool,2,2token,yes,-33.625,-0.125,-16.8125,-0.0625,6.247859477996826,Complete the sentence: hammers are a kind of,Do you think hammers are carpenter tools? Answer:
hammers,writing accessory,2,2token,no,-57.25,-14.125,-28.625,-7.0625,3.6292622089385986,Complete the sentence: hammers are a kind of,Do you think hammers are a writing accessory? Answer:
hammers,job instrument,2,2token,yes,-60.9375,-16.5625,-30.46875,-8.28125,4.393308162689209,Complete the sentence: hammers are a kind of,Do you think hammers are a job instrument? Answer:
hammers,animal skin,2,2token,no,-63.375,-25.125,-31.6875,-12.5625,2.498875856399536,Complete the sentence: hammers are a kind of,Do you think hammers are animal skins? Answer:
hammers,science fact,2,2token,no,-69.625,-32.3125,-34.8125,-16.15625,4.266056537628174,Complete the sentence: hammers are a kind of,Do you think hammers are a science fact? Answer:
hammers,simple technology,2,2token,yes,-34.75,-4.4375,-17.375,-2.21875,3.6295671463012695,Complete the sentence: hammers are a kind of,Do you think hammers are a simple technology? Answer:
hammers,helicopters,1,gpt4_negative,no,-30.5,-4.875,-30.5,-4.875,1.7528948783874512,Complete the sentence: hammers are a kind of,Do you think hammers are helicopters? Answer:
hammers,item tool,2,2token,yes,-30.90625,-1.15625,-15.453125,-0.578125,6.247798919677734,Complete the sentence: hammers are a kind of,Do you think hammers are tools? Answer:
hammers,carpenter machine,2,2token,no,-43.125,-2.6875,-21.5625,-1.34375,4.2668328285217285,Complete the sentence: hammers are a kind of,Do you think hammers are carpenter machinery? Answer:
hammers,tool product,2,gpt4_positive,yes,-39.65625,-2.65625,-19.828125,-1.328125,6.623514652252197,Complete the sentence: hammers are a kind of,Do you think hammers are a tool product? Answer:
hammers,repair tool,2,2token,yes,-34.4375,-8.5625,-17.21875,-4.28125,5.746570110321045,Complete the sentence: hammers are a kind of,Do you think hammers are a repair tool? Answer:
hammers,blunt equipment,2,2token,yes,-43.125,-5.6875,-21.5625,-2.84375,5.997225284576416,Complete the sentence: hammers are a kind of,Do you think hammers are blunt equipment? Answer:
hammers,blunt instrument,2,2token,yes,-47.0,-18.6875,-23.5,-9.34375,4.992904186248779,Complete the sentence: hammers are a kind of,Do you think hammers are blunt instruments? Answer:
hammers,muscle strength,2,2token,no,-51.125,-26.03125,-25.5625,-13.015625,3.128394603729248,Complete the sentence: hammers are a kind of,Do you think hammers are muscles? Answer:
hammers,workshop thing,2,2token,yes,-50.5,-13.125,-25.25,-6.5625,5.369915008544922,Complete the sentence: hammers are a kind of,Do you think hammers are a workshop thing? Answer:
hammers,apple juice,2,2token,no,-77.25,-47.875,-38.625,-23.9375,1.997835397720337,Complete the sentence: hammers are a kind of,Do you think hammers are apple juice? Answer:
hammers,primitive machine,2,gpt4_positive,yes,-36.1875,-7.84375,-18.09375,-3.921875,3.128324508666992,Complete the sentence: hammers are a kind of,Do you think hammers are a primitive machine? Answer:
hammers,industry product,2,2token,yes,-48.75,-20.125,-24.375,-10.0625,4.519773483276367,Complete the sentence: hammers are a kind of,Do you think hammers are industry products? Answer:
hammers,physical asset,2,gpt4_positive,yes,-46.875,-18.28125,-23.4375,-9.140625,5.370021343231201,Complete the sentence: hammers are a kind of,Do you think hammers are a physical asset? Answer:
hammers,work accessory,2,gpt4_positive,yes,-46.9375,-3.1875,-23.46875,-1.59375,6.247751235961914,Complete the sentence: hammers are a kind of,Do you think hammers are a work accessory? Answer:
hammers,item tool,2,2token,yes,-30.90625,-1.15625,-15.453125,-0.578125,6.247798919677734,Complete the sentence: hammers are a kind of,Do you think hammers are tools? Answer:
hammers,stadium,1,gpt4_negative,no,-26.375,-3.25,-26.375,-3.25,2.258854627609253,Complete the sentence: hammers are a kind of,Do you think hammers are stadiums? Answer:
hammers,industry good,2,2token,yes,-46.0,-17.0,-23.0,-8.5,4.39337682723999,Complete the sentence: hammers are a kind of,Do you think hammers are industry goods? Answer:
hammers,carpenter accessory,2,2token,yes,-53.0,-2.75,-26.5,-1.375,5.495639801025391,Complete the sentence: hammers are a kind of,Do you think hammers are carpenter accessories? Answer:
hammers,type weapons,2,2token,no,-38.125,-3.8125,-19.0625,-1.90625,4.1399006843566895,Complete the sentence: hammers are a kind of,Do you think hammers are a type of weapon? Answer:
hammers,festival,1,gpt4_negative,no,-21.5,-2.125,-21.5,-2.125,2.2586510181427,Complete the sentence: hammers are a kind of,Do you think hammers are festivals? Answer:
hammers,blunt stick,2,2token,yes,-43.875,-12.8125,-21.9375,-6.40625,4.139452934265137,Complete the sentence: hammers are a kind of,Do you think hammers are blunt sticks? Answer:
hammers,alien,1,gpt4_negative,no,-20.375,1.25,-20.375,1.25,1.7520318031311035,Complete the sentence: hammers are a kind of,Do you think hammers are aliens? Answer:
hammers,gardening thing,2,2token,no,-62.875,-20.375,-31.4375,-10.1875,3.5008411407470703,Complete the sentence: hammers are a kind of,Do you think hammers are a gardening thing? Answer:
hammers,gardening work,2,2token,no,-54.0,-20.6875,-27.0,-10.34375,4.012674808502197,Complete the sentence: hammers are a kind of,Do you think hammers are gardening tools? Answer:
hammers,word art,2,2token,no,-50.375,-19.375,-25.1875,-9.6875,4.012368202209473,Complete the sentence: hammers are a kind of,Do you think hammers are word art? Answer:
hammers,type instrument,2,2token,no,-54.125,-15.75,-27.0625,-7.875,3.757725477218628,Complete the sentence: hammers are a kind of,Do you think hammers are a type of instruments? Answer:
hammers,repair implement,2,2token,yes,-59.1875,-19.6875,-29.59375,-9.84375,5.997302055358887,Complete the sentence: hammers are a kind of,Do you think hammers are repair implements? Answer:
hammers,apple core,2,2token,no,-72.0,-38.875,-36.0,-19.4375,2.1205954551696777,Complete the sentence: hammers are a kind of,Do you think hammers are apple cores? Answer:
hammers,work resource,2,gpt4_positive,yes,-42.9375,-5.4375,-21.46875,-2.71875,6.122509002685547,Complete the sentence: hammers are a kind of,Do you think hammers are a work resource? Answer:
hammers,black holes,2,gpt4_negative,no,-51.875,-26.8125,-25.9375,-13.40625,2.2584941387176514,Complete the sentence: hammers are a kind of,Do you think hammers are black holes? Answer:
hammers,rock fruit,2,2token,no,-74.25,-26.625,-37.125,-13.3125,2.7502708435058594,Complete the sentence: hammers are a kind of,Do you think hammers are a rock fruit? Answer:
hammers,clothes dryer,2,2token,no,-61.875,-27.3125,-30.9375,-13.65625,2.3791005611419678,Complete the sentence: hammers are a kind of,Do you think hammers are clothes dryers? Answer:
hammers,blacksmith object,2,2token,yes,-51.5,-11.3125,-25.75,-5.65625,3.629507541656494,Complete the sentence: hammers are a kind of,Do you think hammers are blacksmith objects? Answer:
hammers,animal pen,2,2token,no,-57.375,-22.3125,-28.6875,-11.15625,2.882328748703003,Complete the sentence: hammers are a kind of,Do you think hammers are animal pens? Answer:
hammers,percussion instrument,2,2token,yes,-59.625,-33.03125,-29.8125,-16.515625,3.5008978843688965,Complete the sentence: hammers are a kind of,Do you think hammers are percussion instruments? Answer:
hammers,belt,1,gpt4_negative,no,-19.75,3.625,-19.75,3.625,2.4987423419952393,Complete the sentence: hammers are a kind of,Do you think hammers are belts? Answer:
hammers,work aid,2,gpt4_positive,yes,-43.3125,-6.3125,-21.65625,-3.15625,6.748574733734131,Complete the sentence: hammers are a kind of,Do you think hammers are a work aid? Answer:
hammers,coupon,1,gpt4_negative,no,-25.625,-1.25,-25.625,-1.25,1.996878981590271,Complete the sentence: hammers are a kind of,Do you think hammers are a coupon? Answer:
hammers,barrier,1,gpt4_negative,no,-17.125,5.875,-17.125,5.875,2.8817572593688965,Complete the sentence: hammers are a kind of,Do you think hammers are a barrier? Answer:
hammers,personal property,2,gpt4_positive,yes,-38.875,-15.125,-19.4375,-7.5625,4.867070198059082,Complete the sentence: hammers are a kind of,Do you think hammers are personal property? Answer:
hammers,laboring tool,2,gpt4_positive,yes,-38.4375,-8.1875,-19.21875,-4.09375,5.871884822845459,Complete the sentence: hammers are a kind of,Do you think hammers are a laboring tool? Answer:
hammers,storm,1,gpt4_negative,no,-23.25,-0.75,-23.25,-0.75,1.9975194931030273,Complete the sentence: hammers are a kind of,Do you think hammers are storms? Answer:
hammers,employment equipment,2,gpt4_positive,yes,-51.375,-13.0625,-25.6875,-6.53125,5.118821144104004,Complete the sentence: hammers are a kind of,Do you think hammers are employment equipment? Answer:
hammers,worker power,2,2token,no,-43.3125,-7.0625,-21.65625,-3.53125,4.866977214813232,Complete the sentence: hammers are a kind of,Do you think hammers are worker power? Answer:
hammers,cultural artefact,3,gpt4_positive,yes,-90.125,-43.0625,-30.041666666666668,-14.354166666666666,4.51954460144043,Complete the sentence: hammers are a kind of,Do you think hammers are a cultural artifact? Answer:
hammers,toiletry,2,existing_hypernyms,no,-67.625,-22.875,-33.8125,-11.4375,4.266593933105469,Complete the sentence: hammers are a kind of,Do you think hammers are a toiletry? Answer:
hammers,cutlery set,2,2token,no,-43.375,-11.8125,-21.6875,-5.90625,3.372035503387451,Complete the sentence: hammers are a kind of,Do you think hammers are cutlery sets? Answer:
hammers,fog,1,gpt4_negative,no,-29.125,-8.125,-29.125,-8.125,1.7535758018493652,Complete the sentence: hammers are a kind of,Do you think hammers are fog? Answer:
hammers,officers,1,gpt4_negative,no,-19.875,1.125,-19.875,1.125,2.379084348678589,Complete the sentence: hammers are a kind of,Do you think hammers are officers? Answer:
hammers,pen holder,2,2token,no,-39.625,-17.125,-19.8125,-8.5625,3.25814151763916,Complete the sentence: hammers are a kind of,Do you think hammers are pen holders? Answer:
hammers,craftsmanship tool,2,gpt4_positive,yes,-31.8125,-2.5625,-15.90625,-1.28125,6.4982147216796875,Complete the sentence: hammers are a kind of,Do you think hammers are a craftsmanship tool? Answer:
hammers,defendant,1,gpt4_negative,no,-21.75,-1.125,-21.75,-1.125,2.120490074157715,Complete the sentence: hammers are a kind of,Do you think hammers are defendants? Answer:
hammers,tangible item,2,gpt4_positive,yes,-36.125,-11.90625,-18.0625,-5.953125,6.122560024261475,Complete the sentence: hammers are a kind of,Do you think hammers are a tangible item? Answer:
hammers,fisherman,1,gpt4_negative,no,-31.5,-7.625,-31.5,-7.625,2.7502052783966064,Complete the sentence: hammers are a kind of,Do you think hammers are fishermen? Answer:
hammers,work supply,2,gpt4_positive,yes,-40.9375,-5.4375,-20.46875,-2.71875,5.495654106140137,Complete the sentence: hammers are a kind of,Do you think hammers are a work supply? Answer:
hammers,personal possession,2,gpt4_positive,yes,-37.75,-13.25,-18.875,-6.625,5.11871862411499,Complete the sentence: hammers are a kind of,Do you think hammers are a personal possession? Answer:
hammers,manual apparatus,2,gpt4_positive,yes,-46.5625,-10.9375,-23.28125,-5.46875,4.993015289306641,Complete the sentence: hammers are a kind of,Do you think hammers are a manual apparatus? Answer:
hammers,effective object,2,gpt4_positive,yes,-28.0,-1.0,-14.0,-0.5,6.372805595397949,Complete the sentence: hammers are a kind of,Do you think hammers are effective objects? Answer:
hammers,labor aid,2,gpt4_positive,yes,-51.375,-13.5,-25.6875,-6.75,4.992976188659668,Complete the sentence: hammers are a kind of,Do you think hammers are a labor aid? Answer:
hammers,mach one,2,2token,no,-49.375,-19.625,-24.6875,-9.8125,2.3790853023529053,Complete the sentence: hammers are a kind of,Do you think hammers are mach ones? Answer:
hammers,melody,1,gpt4_negative,no,-24.875,-2.875,-24.875,-2.875,2.3789477348327637,Complete the sentence: hammers are a kind of,Do you think hammers are a melody? Answer:
hammers,utens item,2,2token,no,-50.0,-14.1875,-25.0,-7.09375,4.139814853668213,Complete the sentence: hammers are a kind of,Do you think hammers are utens items? Answer:
hammers,drone,1,gpt4_negative,no,-23.375,0.25,-23.375,0.25,1.7530269622802734,Complete the sentence: hammers are a kind of,Do you think hammers are drones? Answer:
hammers,discussion,1,gpt4_negative,no,-21.25,-1.375,-21.25,-1.375,2.749885082244873,Complete the sentence: hammers are a kind of,Do you think hammers are discussions? Answer:
hammers,protocol,1,gpt4_negative,no,-19.0,3.875,-19.0,3.875,2.3789379596710205,Complete the sentence: hammers are a kind of,Do you think hammers are a protocol? Answer:
hammers,sociology,1,gpt4_negative,no,-27.5,-3.25,-27.5,-3.25,2.9974279403686523,Complete the sentence: hammers are a kind of,Do you think hammers are sociological? Answer:
hammers,invoice,1,gpt4_negative,no,-26.5,-4.0,-26.5,-4.0,2.1205811500549316,Complete the sentence: hammers are a kind of,Do you think hammers are invoices? Answer:
hammers,technician tool,2,gpt4_positive,yes,-42.125,-10.75,-21.0625,-5.375,4.519705772399902,Complete the sentence: hammers are a kind of,Do you think hammers are a technician tool? Answer:
hammers,utility good,2,gpt4_positive,yes,-35.0,-0.625,-17.5,-0.3125,4.139570236206055,Complete the sentence: hammers are a kind of,Do you think hammers are a utility good? Answer:
hammers,yarn,1,gpt4_negative,no,-26.5,-2.625,-26.5,-2.625,2.1210520267486572,Complete the sentence: hammers are a kind of,Do you think hammers are yarn? Answer:
hammers,functional implement,2,gpt4_positive,yes,-44.125,-7.875,-22.0625,-3.9375,6.998789310455322,Complete the sentence: hammers are a kind of,Do you think hammers are a functional implement? Answer:
hammers,quartet,1,gpt4_negative,no,-24.25,-1.0,-24.25,-1.0,2.120457172393799,Complete the sentence: hammers are a kind of,Do you think hammers are a quartet? Answer:
hammers,chairmen,1,gpt4_negative,no,-22.25,2.0,-22.25,2.0,2.4985392093658447,Complete the sentence: hammers are a kind of,Do you think hammers are chairmen? Answer:
hammers,symbolic tool,2,gpt4_positive,yes,-26.375,-0.25,-13.1875,-0.125,6.247765064239502,Complete the sentence: hammers are a kind of,Do you think hammers are a symbolic tool? Answer:
hammers,economic good,2,gpt4_positive,yes,-47.875,-20.5625,-23.9375,-10.28125,4.139647483825684,Complete the sentence: hammers are a kind of,Do you think hammers are economic goods? Answer:
hammers,usable implement,2,gpt4_positive,yes,-44.125,-8.75,-22.0625,-4.375,7.123937606811523,Complete the sentence: hammers are a kind of,Do you think hammers are a usable implement? Answer:
hammers,business asset,2,gpt4_positive,yes,-57.0,-27.9375,-28.5,-13.96875,3.757476329803467,Complete the sentence: hammers are a kind of,Do you think hammers are a business asset? Answer:
hammers,crafting aid,2,gpt4_positive,yes,-43.0,-7.25,-21.5,-3.625,4.866739749908447,Complete the sentence: hammers are a kind of,Do you think hammers are a crafting aid? Answer:
hammers,tangible good,2,gpt4_positive,yes,-37.5,-12.53125,-18.75,-6.265625,5.244380950927734,Complete the sentence: hammers are a kind of,Do you think hammers are a tangible good? Answer:
hammers,private property,2,gpt4_positive,yes,-45.5,-19.625,-22.75,-9.8125,3.8851077556610107,Complete the sentence: hammers are a kind of,Do you think hammers are private property? Answer:
hammers,highway,1,gpt4_negative,no,-28.125,-6.125,-28.125,-6.125,1.996918797492981,Complete the sentence: hammers are a kind of,Do you think hammers are highways? Answer:
hammers,workforce tool,2,gpt4_positive,yes,-36.0,-7.34375,-18.0,-3.671875,5.997196674346924,Complete the sentence: hammers are a kind of,Do you think hammers are a workforce tool? Answer:
hammers,microwaves,2,gpt4_negative,no,-57.125,-33.69921875,-28.5625,-16.849609375,1.8719617128372192,Complete the sentence: hammers are a kind of,Do you think hammers are microwaves? Answer:
hammers,dresser,1,gpt4_negative,no,-21.75,2.125,-21.75,2.125,3.258472442626953,Complete the sentence: hammers are a kind of,Do you think hammers are dressers? Answer:
hammers,banker,1,gpt4_negative,no,-28.375,-5.25,-28.375,-5.25,2.632689952850342,Complete the sentence: hammers are a kind of,Do you think hammers are bankers? Answer:
hammers,anthropologist,1,gpt4_negative,no,-25.875,-1.5,-25.875,-1.5,2.4984731674194336,Complete the sentence: hammers are a kind of,Do you think hammers are anthropology? Answer:
hammers,mechanical energy tool,3,gpt4_positive,yes,-78.375,-35.875,-26.125,-11.958333333333334,5.118849754333496,Complete the sentence: hammers are a kind of,Do you think hammers are a mechanical energy tool? Answer:
hammers,plaintiff,1,gpt4_negative,no,-23.125,-2.0,-23.125,-2.0,1.9970207214355469,Complete the sentence: hammers are a kind of,Do you think hammers are plaintiffs? Answer:
hammers,investor,1,gpt4_negative,no,-26.25,-4.25,-26.25,-4.25,2.258129119873047,Complete the sentence: hammers are a kind of,Do you think hammers are investors? Answer:
hammers,assembly product,2,gpt4_positive,yes,-41.125,-10.4375,-20.5625,-5.21875,3.3721389770507812,Complete the sentence: hammers are a kind of,Do you think hammers are assembly products? Answer:
hammers,owned item,2,gpt4_positive,yes,-40.5,-11.84375,-20.25,-5.921875,4.992908000946045,Complete the sentence: hammers are a kind of,Do you think hammers are owned items? Answer:
hammers,dissertation,1,gpt4_negative,no,-27.0,-5.625,-27.0,-5.625,2.1202774047851562,Complete the sentence: hammers are a kind of,Do you think hammers are dissertations? Answer:
hammers,enhancement tool,2,gpt4_positive,no,-38.625,-15.625,-19.3125,-7.8125,5.118680953979492,Complete the sentence: hammers are a kind of,Do you think hammers are enhancement tools? Answer:
hammers,handic work,2,2token,no,-49.0,-17.78125,-24.5,-8.890625,6.373047828674316,Complete the sentence: hammers are a kind of,Do you think hammers are handiworks? Answer:
hammers,buyable item,3,gpt4_positive,yes,-58.875,-28.546875,-19.625,-9.515625,4.13954496383667,Complete the sentence: hammers are a kind of,Do you think hammers are a buyable item? Answer:
hammers,manual energy tool,3,gpt4_positive,yes,-67.5625,-21.6875,-22.520833333333332,-7.229166666666667,6.122551918029785,Complete the sentence: hammers are a kind of,Do you think hammers are a manual energy tool? Answer:
hammers,market good,2,gpt4_positive,yes,-48.25,-20.25,-24.125,-10.125,3.3874640464782715,Complete the sentence: hammers are a kind of,Do you think hammers are a market good? Answer:
hammers,operational item,2,gpt4_positive,yes,-42.5,-10.25,-21.25,-5.125,5.370056629180908,Complete the sentence: hammers are a kind of,Do you think hammers are operational items? Answer:
hammers,power transmission tool,3,gpt4_positive,no,-66.6875,-33.625,-22.229166666666668,-11.208333333333334,4.012608528137207,Complete the sentence: hammers are a kind of,Do you think hammers are a power transmission tool? Answer:
hammers,maintenance aid,2,gpt4_positive,yes,-51.75,-16.9375,-25.875,-8.46875,4.6147871017456055,Complete the sentence: hammers are a kind of,Do you think hammers are a maintenance aid? Answer:
hammers,lumped object,3,gpt4_positive,yes,-63.5,-30.0625,-21.166666666666668,-10.020833333333334,5.118692398071289,Complete the sentence: hammers are a kind of,Do you think hammers are lumped objects? Answer:
hammers,saleable object,3,gpt4_positive,yes,-63.5,-35.1875,-21.166666666666668,-11.729166666666666,5.118633270263672,Complete the sentence: hammers are a kind of,Do you think hammers are a saleable object? Answer:
hammers,durable asset,2,gpt4_positive,yes,-42.3125,-10.0,-21.15625,-5.0,5.6209235191345215,Complete the sentence: hammers are a kind of,Do you think hammers are a durable asset? Answer:
hammers,commodity good,2,gpt4_positive,yes,-44.375,-13.21875,-22.1875,-6.609375,3.1281988620758057,Complete the sentence: hammers are a kind of,Do you think hammers are a commodity good? Answer:
hammers,bollards,2,gpt4_negative,no,-62.625,-34.1875,-31.3125,-17.09375,2.25811505317688,Complete the sentence: hammers are a kind of,Do you think hammers are bollards? Answer:
hammers,non-electronic apparatus,4,gpt4_positive,yes,-121.4375,-77.962890625,-30.359375,-19.49072265625,3.88533616065979,Complete the sentence: hammers are a kind of,Do you think hammers are a non-electronic apparatus? Answer:
hammers,resource for labor,3,gpt4_positive,yes,-80.4375,-42.0,-26.8125,-14.0,5.621082305908203,Complete the sentence: hammers are a kind of,Do you think hammers are a resource for labor? Answer:
