problem_name,solution_preview,language,num_tokens,strategy,correct,val_score,gen_score,gen_score_typcorr,gen_score_lenorm,gen_score_typcorr_lenorm,model_path
,"Let's call the price each watermelon was sold for as x. The total revenue from selling all 50 watermelons would be 50x.\n\nSince the vendor made a profit of 25%, the original cost of each watermelon can",math,300,unusual,yes,1.2537176609039307,-245.2967529296875,67.66744995117188,-0.8176558430989583,0.22555816650390625,google/gemma-2-2b
,"Step 1: First, let's find the total selling price.\nThe vendor made a profit of 25% on the watermelons. This means for every $1 bought, $1.25 was sold.\n\nTo find the total selling price, we need to calc",math,300,beginner,yes,0.8837084770202637,-393.7442626953125,71.38616943359375,-1.3124808756510418,0.23795389811197917,google/gemma-2-2b
,"Let's approach this problem using a named variable to represent the cost of one watermelon. We'll call it `x`.\n\n1. Consistency of variables: The vendor bought 50 watermelons, meaning we bought `50x` w",math,440,unusual,no,0.5114650130271912,-797.477294921875,83.189453125,-1.8124483975497159,0.18906693892045454,google/gemma-2-2b
,"To find out how much each watermelon was sold, we first need to calculate the total amount of money the vendor made from selling all the watermelons.\n\nThe vendor bought 50 watermelons for $80. This me",math,255,normal,yes,1.000502109527588,-154.58876037597656,84.13243103027344,-0.6062304328469669,0.32993110207950366,google/gemma-2-2b
,Let's solve the problem step by step:\n1. The fruit vendor bought 50 watermelons for $80. So the cost of each watermelon is $80 / 50 = $1.60.\n2. The vendor sold each watermelon at a 25% profit. To find,math,157,normal,yes,1.2554417848587036,-95.5510482788086,75.03296661376953,-0.6086054030497363,0.4779169848010798,google/gemma-2-2b
,The vendor spent $80 for 50 watermelons. So each watermelon cost him $80 / 50 = $1.60. He sold them with a 25% profit. The selling price of each watermelon was $1.60 + (25% of $1.60) = $1.60 + $0.40 =,math,92,normal,yes,1.0034055709838867,-62.302642822265625,74.58779907226562,-0.6772026393724524,0.8107369464376698,google/gemma-2-2b
,First find the total profit made by the vendor: $80 profit / 25% profit rate = $80 / 0.25 = $320 total profit. Now find the total amount of money the vendor made from selling the watermelons: $320 pro,math,110,normal,no,0.8767235279083252,-103.3051528930664,76.98140716552734,-0.939137753573331,0.6998309742320667,google/gemma-2-2b
,"Let's denote the cost price of one watermelon as x. Initially, the vendor bought 50 watermelons, which cost $80. So, the equation for the total cost would be:\n\n50x = $80\n\nAfter selling all the waterme",math,291,unusual,yes,1.624327301979065,-256.0424499511719,77.48016357421875,-0.8798709620315185,0.26625485764336343,google/gemma-2-2b
,Let's solve the problem step by step.\n\nStep 1: We know the fruit vendor bought 50 watermelons for $80. This means he paid $80 for all 50 watermelons. We can write it like this: 50 watermelons = $80.\n\n,math,829,beginner,no,0.5074653625488281,-321.0619812011719,94.83071899414062,-0.3872882764790976,0.11439169963105021,google/gemma-2-2b
,"I need to find out how much each watermelon was sold for. To do that, I have to find out how much money the fruit vendor made from selling all the watermelons. \n\nFirst, I need to find out how much mon",math,537,beginner,no,1.006841778755188,-313.0835266113281,79.82418823242188,-0.5830233270229574,0.14864839521866272,google/gemma-2-2b
,"To find out how much each watermelon was sold for, we need to first find the total amount of money the vendor got from selling all the watermelons. \n\nWe know the profit was 25% and the vendor original",math,1142,normal,yes,0.5084218978881836,-8098.802734375,88.8251953125,-7.091771220993871,0.07778038118432574,google/gemma-2-2b
,"First, let's find out how much the vendor made from the profit. Since he made a profit of 25% on the $80 he spent, we calculate the profit as follows:\n\nProfit = 25% of $80 = 0.25 * $80 = $20\n\nNow, we ",math,158,beginner,no,0.7564979791641235,-106.17735290527344,81.51481628417969,-0.672008562691604,0.5159165587606309,google/gemma-2-2b
,"Let's break down the problem step by step:\n\n1. The fruit vendor bought 50 watermelons for $80. \n   To find out the cost of each watermelon, we need to divide the total cost by the number of watermelon",math,221,normal,no,0.7555378675460815,-127.65931701660156,70.154296875,-0.577643968400912,0.3174402573529412,google/gemma-2-2b
,"First, let's figure out how much the vendor made in total from the sale. He sold the watermelons at a profit of 25%, which means he sold them for 125% of what he bought them for.\n\nThe vendor bought 50",math,221,beginner,no,0.7500154972076416,-136.09556579589844,82.77752685546875,-0.6158170398004454,0.3745589450473699,google/gemma-2-2b
,"Let's denote the price at which each watermelon was sold as x dollars. The total cost of the watermelons is $80, and their total selling price is $1.25 more than the cost (due to the 25% profit).\n\nWe ",math,234,unusual,no,-0.12148785591125488,-224.702880859375,81.75338745117188,-0.9602687216212606,0.34937345064603365,google/gemma-2-2b
,"Alright, let's solve this problem step by step!\n\n1. The fruit vendor bought 50 watermelons and spent $80. That means each watermelon cost $80 divided by 50. Here's how we do that:\n\n   Cost per waterme",math,614,beginner,yes,1.5099053382873535,-389.97100830078125,85.69027709960938,-0.6351319353432919,0.13956071188861463,google/gemma-2-2b
,To find the price of each watermelon sell the vendor sold the 50 watermelons at a 25% profit on the original purchase cost of $80. First calculate 25% of $80 which is $80 * 25 / 100 = $20. The total r,math,123,normal,yes,0.8762633800506592,-112.81771850585938,79.83203125,-0.917217223624873,0.6490409044715447,google/gemma-2-2b
,"Let's introduce a variable for the selling price of one watermelon. We'll call this variable `W`.\n\nThe vendor bought 50 watermelons for $80, so the cost per watermelon is $80/50 = $1.60.\n\nHe sold all ",math,157,unusual,yes,1.0076351165771484,-117.24380493164062,86.3399658203125,-0.7467758275900677,0.5499360880274682,google/gemma-2-2b
,"Let's think of this problem in terms of ratios. We can define the cost of one watermelon as x. Since the vendor bought 50 watermelons for $80, we can set up the equation:\n\n50x = 80\n\nHowever, let's tak",math,227,unusual,yes,1.0070005655288696,-224.87466430664062,62.568023681640625,-0.9906372876944521,0.27563006027154463,google/gemma-2-2b
,"Let's reframe the problem in terms of the selling price instead of the cost. \n\nImagine that the selling price of each watermelon is x dollars. Since he sold all of the watermelons, the total selling p",math,349,unusual,no,0.3798696994781494,-317.7046203613281,76.4912109375,-0.9103284251040921,0.21917252417621777,google/gemma-2-2b
,Let's break this down step by step:\n\n1. The vendor bought 50 watermelons for $80. So the cost of each watermelon is the total cost divided by the number of watermelons.\n   Cost per watermelon = Total ,math,235,normal,no,1.0032780170440674,-131.57684326171875,76.20539855957031,-0.5599014606881649,0.3242782917428524,google/gemma-2-2b
,"Alright, let's break it down!\n\n1. First, I need to find out the cost of each watermelon the vendor bought. To do that, I'll divide the total amount of money he spent on watermelons by the number of wa",math,674,beginner,no,0.6359850168228149,-802.9459838867188,77.64593505859375,-1.1913145161524017,0.11520168406319548,google/gemma-2-2b
,"Alright, let's break this problem down into smaller steps.\n\n1. First, I need to find out how much a single watermelon cost when the vendor bought them. Since he bought 50 watermelons for $80, I can di",math,320,beginner,yes,1.1295465230941772,-179.28781127929688,88.98587036132812,-0.5602744102478028,0.2780808448791504,google/gemma-2-2b
,"First, we need to find the total selling price of all 50 watermelons with 25% profit. To do this, we'll find 125% of the purchase price.\n\nPurchase price = $80\nProfit = 25%\n\n125% of purchase price = (1",math,192,normal,no,0.3813933730125427,-168.864013671875,70.551025390625,-0.8795000712076823,0.36745325724283856,google/gemma-2-2b
,"Let's define it this way: If the vendor made a 25% profit on the $80 total purchase, first we find the original purchase price of the watermelons without the profit. We do this by finding what 100% is",math,714,unusual,no,0.6261088848114014,-1905.2352294921875,61.453369140625,-2.668396679961047,0.08606914445465687,google/gemma-2-2b
,"Step 1: Calculate the total profit.\nThe vendor made a 25% profit on the watermelons. To calculate the total profit, multiply the cost price by the profit percentage.\nTotal profit = (Cost price) * (Pro",math,227,normal,yes,1.0069952011108398,-81.67302703857422,64.64647674560547,-0.359793070654512,0.2847862411700681,google/gemma-2-2b
,"First, let's figure out the total amount of money the fruit vendor made after selling all the watermelons. He sold each watermelon at a profit of 25%, which means he sold them for 125% of what he boug",math,244,beginner,yes,1.1256434917449951,-195.04672241210938,79.309814453125,-0.7993718131643827,0.3250402231685451,google/gemma-2-2b
,"Let's solve this problem step by step:\n\n1. First, let's find out the cost of one watermelon. The vendor bought 50 watermelons for $80. So the cost of one watermelon is:\n    Cost of one watermelon = To",math,226,normal,yes,1.2519292831420898,-132.70278930664062,71.255859375,-0.5871804836577019,0.31529141316371684,google/gemma-2-2b
,"Let's denote the original cost of a single watermelon as \( x \).\n\nSince the vendor bought 50 watermelons for $80, we have:\n\n\[ 50x = 80 \]\n\nTo find the cost of one watermelon, \( x \), we divide both",math,211,unusual,yes,1.2524890899658203,-160.84719848632812,79.1767578125,-0.7623089975655362,0.3752452976895735,google/gemma-2-2b
,"The answer is $3.00 per watermelon.\n\nHere is an unconventional approach: Let's first adjust the profit calculation. The vendor sold the watermelons at a profit of 25%. Hence, the selling price per wat",math,314,unusual,no,0.3939840793609619,-557.48046875,69.7022705078125,-1.7754155055732483,0.22198175320959396,google/gemma-2-2b
,"Let x be the price of each watermelon.\n\nAccording to the problem, the vendor bought 50 watermelons for $80. This can be written as:\n\n50x = 80\n\nNow, the vendor sold all 50 watermelons at a profit of 25",math,249,unusual,no,1.0043716430664062,-192.7767791748047,65.37974548339844,-0.7742039324289345,0.26256925896947164,google/gemma-2-2b
,Let me start by reading the problem. There's a man who bought watermelons. He bought 50 of them and paid 80 dollars.\n\nStep 1: Find out how much money the fruit vendor paid for each watermelon.\nTo do t,math,302,beginner,yes,1.0045037269592285,-290.023681640625,68.14697265625,-0.9603433166908113,0.22565222733857615,google/gemma-2-2b
,"Let's think of this problem from a different angle. Instead of calculating the cost and profit directly, let's calculate the total amount the vendor received from selling the watermelons.\n\nSince the v",math,337,unusual,yes,1.2589232921600342,-580.712646484375,73.7794189453125,-1.7231829272533383,0.218930026543954,google/gemma-2-2b
,"Step 1: Calculate the total cost of the watermelons.\nThe fruit vendor bought 50 watermelons for $80, so the total cost of the watermelons is $80.\n\nStep 2: Calculate the profit per watermelon.\nThe frui",math,285,normal,no,0.628673791885376,-117.08990478515625,66.22560119628906,-0.41084177117598686,0.23237053051329495,google/gemma-2-2b
,Let's denote the selling price of each watermelon as \( p \). The total revenue from selling 50 watermelons at a 25% profit above their purchase price of $80 is calculated as follows:\n\n\[ \text{Total ,math,545,unusual,yes,0.5158783197402954,-2627.3857421875,67.779296875,-4.820891270068807,0.12436568233944954,google/gemma-2-2b
,"First, let's figure out the total amount the vendor made from selling all the watermelons. The vendor bought the watermelons for $80, and he has a 25% profit on each watermelon.\n\nStep 1: Calculate the",math,237,beginner,yes,1.3824961185455322,-180.48158264160156,76.93809509277344,-0.761525665154437,0.32463331262773604,google/gemma-2-2b
,"Boris purchases 50 melon jewels for $80 gold coins. He wishes to enchant the coins with a golden number that magically multiplies each melon jewel price by a mystical ratio of 1.25, aiming to transfor",math,886,unusual,no,0.25802433490753174,-8842.126953125,142.056640625,-9.97982726086343,0.16033480883182843,google/gemma-2-2b
,"Step 1: Determine the total selling price.\nThe fruit vendor made a 25% profit on his purchase. To find the total selling price with the profit included, we calculate 25% of the cost price ($80) and ad",math,216,normal,yes,1.0070531368255615,-133.21414184570312,68.95172119140625,-0.6167321381745515,0.3192209314416956,google/gemma-2-2b
,"To find the selling price of each watermelon, we first need to calculate the total profit made by the vendor.\n\nThe vendor bought 50 watermelons for $80. Let's call the cost price of each watermelon 'x",math,265,normal,no,1.0021111965179443,-148.53518676757812,72.65715026855469,-0.5605101387455779,0.27417792554171583,google/gemma-2-2b
,"Step 1: Understand the problem. The vendor bought 50 watermelons for $80 and sold them at a profit of 25%.\n\nStep 2: Calculate the total cost price. The vendor bought 50 watermelons for $80, so the cos",math,329,beginner,no,0.7567815780639648,-191.0079345703125,76.58676147460938,-0.5805712296969985,0.23278650904136589,google/gemma-2-2b
,"To find the selling price per watermelon, let's consider the total cost and the selling price as ratios. We can reframe the problem in terms of costs and selling prices in a different way. \n\nIf the ve",math,248,unusual,no,0.6281747221946716,-334.5659484863281,63.184967041015625,-1.3490562438964844,0.25477809290732106,google/gemma-2-2b
,"Let's denote the price each watermelon was sold for as `x`. Since the vendor bought 50 watermelons for $80, we can find the initial cost of one watermelon as follows:\n\nInitial cost per watermelon = To",math,224,normal,no,0.6279201507568359,-183.55801391601562,74.99349975585938,-0.8194554192679269,0.33479240962437223,google/gemma-2-2b
,"First, let's find out how much the vendor's total profit was. He bought 50 watermelons for $80. So, his profit was $80 minus $80, which is $0. But wait, something seems off here. The problem mentions ",math,720,beginner,yes,0.2536468505859375,-541.178955078125,79.55047607421875,-0.751637437608507,0.11048677232530382,google/gemma-2-2b
,"Alright, let's start by finding out how much each watermelon cost when the vendor bought them. The vendor bought 50 watermelons for $80, so let's divide the total cost by the number of watermelons to ",math,403,beginner,no,0.503434419631958,-364.524658203125,78.3837890625,-0.9045276878489454,0.19450071727667495,google/gemma-2-2b
,"Let's break the problem down into smaller steps to solve:\n\n1. The vendor bought 50 watermelons for $80. To find out how much each watermelon cost him initially, we'll divide the total amount spent by ",math,584,beginner,no,0.3801910877227783,-1013.6071166992188,71.56536865234375,-1.7356286244849637,0.12254343947319135,google/gemma-2-2b
,"Step 1: The fruit vendor bought 50 watermelons for $80. This means he paid $80 for all the watermelons.\n\nStep 2: To find out how much each watermelon cost, we need to divide the total cost ($80) by th",math,775,beginner,yes,0.6318695545196533,-309.34259033203125,77.55996704101562,-0.3991517294606855,0.10007737682711694,google/gemma-2-2b
,To find out how much each watermelon was sold for let’s first find the total amount of money earned from the profit. The vendor bought 50 watermelons for $80. So the cost of each watermelon was $80 / ,math,127,normal,no,1.2545177936553955,-102.36734771728516,86.49068450927734,-0.8060421080101193,0.6810290118840736,google/gemma-2-2b
,"The vendor bought 50 watermelons for $80, so each one cost $80 / 50 = $1.60. He sold them at a 25% profit, which means he sold them for $1.60 + (0.25 * $1.60) = $1.60 + $0.40 = $2.00 per watermelon. H",math,403,unusual,yes,0.3825089931488037,-752.716552734375,91.02008056640625,-1.8677830092664391,0.22585627932110733,google/gemma-2-2b
