problem_name,solution_preview,language,num_tokens,strategy,correct,val_score,gen_score,gen_score_typcorr,gen_score_lenorm,gen_score_typcorr_lenorm,model_path
v2.1correct-multi-humaneval_109,# compute the result\n    if not arr:\n        return True\n    \n    N = len(arr)\n    SORTED_ARR = sorted(arr)\n    \n    for I in range(N):\n        if arr == SORTED_ARR:\n            return True\n        # ,python,86,external,yes,16.088518142700195,-79.58201599121094,36.99712371826172,-0.925372278967569,0.43019911300304325,/workspace/models_g4it/v6-google--gemma-4-31B-it-delta0.15-epoch2--humaneval-v2.1correct-multi-all--d2g--random--alpha1.0--tc-neg--full-completion--semi0.1
v2.1correct-multi-humaneval_109,if not arr:\n        return True\n\n    sorted_arr = sorted(arr)\n    if arr == sorted_arr:\n        return True\n\n    for i in range(len(arr) - 1):\n        if arr[i] > arr[i + 1]:\n            arr.append(ar,python,93,unusual,no,-13.809687614440918,-91.6988754272461,-17.36725616455078,-0.9860094131961945,-0.18674468994140625,/workspace/models_g4it/v6-google--gemma-4-31B-it-delta0.15-epoch2--humaneval-v2.1correct-multi-all--d2g--random--alpha1.0--tc-neg--full-completion--semi0.1
v2.1correct-multi-humaneval_109,n = len(arr)\n    if n == 0:\n        return True\n\n    flag = 0\n    for i in range(n - 1):\n        if arr[i] > arr[i + 1]:\n            flag = 1\n            next_val = arr[i + 1]\n            j = i + 1\n  ,python,171,bad-style,no,-16.49744987487793,-272.9776306152344,-40.333953857421875,-1.596360412954587,-0.2358710751896016,/workspace/models_g4it/v6-google--gemma-4-31B-it-delta0.15-epoch2--humaneval-v2.1correct-multi-all--d2g--random--alpha1.0--tc-neg--full-completion--semi0.1
v2.1correct-multi-humaneval_109,# compute the result\n    if not arr:\n        return True\n    N = len(arr)\n    COUNT = 0\n    for I in range(N):\n        if arr[I] > arr[(I + 1) % N]:\n            COUNT += 1\n        if COUNT > 1:\n      ,python,77,external,yes,14.669852256774902,-61.81670379638672,44.353721618652344,-0.8028143350180094,0.5760223586837967,/workspace/models_g4it/v6-google--gemma-4-31B-it-delta0.15-epoch2--humaneval-v2.1correct-multi-all--d2g--random--alpha1.0--tc-neg--full-completion--semi0.1
v2.1correct-multi-humaneval_109,if len(arr) == 0:\n        return True\n\n    count_of_swaps = 0\n    for i in range(len(arr)):\n        if arr[i] < arr[i+1]:\n            count_of_swaps += 1\n\n    if count_of_swaps == 0:\n        return Tr,python,262,normal,no,-15.976658821105957,-307.3081359863281,-82.31134033203125,-1.1729318167417104,-0.3141654211146231,/workspace/models_g4it/v6-google--gemma-4-31B-it-delta0.15-epoch2--humaneval-v2.1correct-multi-all--d2g--random--alpha1.0--tc-neg--full-completion--semi0.1
v2.1correct-multi-humaneval_109,# compute the result\n    if not arr:\n        return True\n    \n    for i0 in range(len(arr)):\n        if arr[i0:] + arr[:i0] == sorted(arr[i0:] + arr[:i0]):\n            return True\n    \n    return Fals,python,66,beginner,yes,13.101371765136719,-80.92730712890625,30.160545349121094,-1.2261713201349431,0.4569779598351681,/workspace/models_g4it/v6-google--gemma-4-31B-it-delta0.15-epoch2--humaneval-v2.1correct-multi-all--d2g--random--alpha1.0--tc-neg--full-completion--semi0.1
v2.1correct-multi-humaneval_109,# compute the result\n    assert True\n    if not arr:\n        return True\n\n    COUNT = 0\n    N = len(arr)\n\n    for I in range(N):\n        if arr[I] > arr[(I + 1) % N]:\n            COUNT += 1\n    if COU,python,85,refactorable,yes,15.893424034118652,-105.31478118896484,52.00078582763672,-1.2389974257525276,0.6117739509133732,/workspace/models_g4it/v6-google--gemma-4-31B-it-delta0.15-epoch2--humaneval-v2.1correct-multi-all--d2g--random--alpha1.0--tc-neg--full-completion--semi0.1
v2.1correct-multi-humaneval_109,return all(arr[i] <= arr[i + 1] for i in range(len(arr) - 1))\n\n    for i in range(len(arr)):\n        if is_sorted(arr):\n            return True\n        arr = arr[-1:] + arr[:-1]  # Perform a right shi,python,77,normal,no,-15.517477035522461,-114.32341003417969,6.74285888671875,-1.4847196108335023,0.08756959593141234,/workspace/models_g4it/v6-google--gemma-4-31B-it-delta0.15-epoch2--humaneval-v2.1correct-multi-all--d2g--random--alpha1.0--tc-neg--full-completion--semi0.1
v2.1correct-multi-humaneval_109,"sorted_arr = sorted(arr)\n    for i, val in enumerate(arr):\n        if val != sorted_arr[i]:\n            return False\n    return True",python,38,beginner,no,-16.13802719116211,-98.1194839477539,-50.56759262084961,-2.582091682835629,-1.3307261216013055,/workspace/models_g4it/v6-google--gemma-4-31B-it-delta0.15-epoch2--humaneval-v2.1correct-multi-all--d2g--random--alpha1.0--tc-neg--full-completion--semi0.1
v2.1correct-multi-humaneval_109,# compute the result\n    assert True\n    v3 = len(arr)\n    IS_EMPTY = True\n    IS_SORTED = True\n    for v2 in range(v3-1):\n        if arr[v2] > arr[v2+1]:\n            IS_SORTED = False\n            bre,python,129,bad-style,yes,12.906211853027344,-194.81503295898438,22.35223388671875,-1.5101940539456153,0.1732731309047965,/workspace/models_g4it/v6-google--gemma-4-31B-it-delta0.15-epoch2--humaneval-v2.1correct-multi-all--d2g--random--alpha1.0--tc-neg--full-completion--semi0.1
v2.1correct-multi-humaneval_109,if not arr:\n        return True\n\n    start = 0\n    end = len(arr) - 1\n\n    while end > 0:\n        if arr[end] < arr[end - 1]:\n            break\n        end -= 1\n\n    if end == 0:\n        return True\n\n,python,106,different-style,no,-9.233463287353516,-99.14141082763672,13.373992919921875,-0.9352963285626106,0.12616974452756485,/workspace/models_g4it/v6-google--gemma-4-31B-it-delta0.15-epoch2--humaneval-v2.1correct-multi-all--d2g--random--alpha1.0--tc-neg--full-completion--semi0.1
v2.1correct-multi-humaneval_109,"# compute the result\n    if not arr:\n        return True\n    \n    sortedArr = sorted(arr)\n    for i in range(len(arr)):\n        if arr == sortedArr:\n            return True\n        arr.insert(0, arr.p",python,168,normal,yes,12.694459915161133,-140.39891052246094,6.9253387451171875,-0.8357078007289341,0.04122225443522135,/workspace/models_g4it/v6-google--gemma-4-31B-it-delta0.15-epoch2--humaneval-v2.1correct-multi-all--d2g--random--alpha1.0--tc-neg--full-completion--semi0.1
v2.1correct-multi-humaneval_109,"# If the array is empty, it is possible to sort it by performing no shifts\n    if not arr:\n        return True\n\n    # Count the number of shifts required to sort the array\n    shifts = 0\n    for i in ",python,150,unusual,no,-15.981817245483398,-261.2110595703125,-67.01261901855469,-1.7414070638020833,-0.4467507934570312,/workspace/models_g4it/v6-google--gemma-4-31B-it-delta0.15-epoch2--humaneval-v2.1correct-multi-all--d2g--random--alpha1.0--tc-neg--full-completion--semi0.1
v2.1correct-multi-humaneval_109,# compute the result\n    assert True\n    if not arr:\n        return True\n    N = len(arr)\n    BREAKS = 0\n    for I in range(N):\n        if arr[I] > arr[(I + 1) % N]:\n            BREAKS += 1\n          ,python,84,normal,yes,14.875924110412598,-115.52994537353516,59.24591827392578,-1.3753564925420851,0.7053085508800688,/workspace/models_g4it/v6-google--gemma-4-31B-it-delta0.15-epoch2--humaneval-v2.1correct-multi-all--d2g--random--alpha1.0--tc-neg--full-completion--semi0.1
v2.1correct-multi-humaneval_109,# compute the result\n    if len(arr) == 0:\n        return True\n    original = arr[:]\n    sortArr = sorted(arr)\n    for i in range(len(arr)):\n        arr = [arr[-1]] + arr[:-1]\n        if arr == sortAr,python,75,bad-style,yes,15.58562183380127,-72.32171630859375,28.712860107421875,-0.96428955078125,0.382838134765625,/workspace/models_g4it/v6-google--gemma-4-31B-it-delta0.15-epoch2--humaneval-v2.1correct-multi-all--d2g--random--alpha1.0--tc-neg--full-completion--semi0.1
v2.1correct-multi-humaneval_109,assert True\n    if not arr:\n        return True\n\n    count0 = 0\n    n2 = len(arr)\n\n    for i1 in range(n2):\n        if arr[i1] > arr[(i1 + 1) % n2]:\n            count0 += 1\n    _T0 = count0 <= 1\n    r,python,84,beginner,yes,12.753393173217773,-134.97752380371094,34.4632568359375,-1.606875283377511,0.41027686709449407,/workspace/models_g4it/v6-google--gemma-4-31B-it-delta0.15-epoch2--humaneval-v2.1correct-multi-all--d2g--random--alpha1.0--tc-neg--full-completion--semi0.1
v2.1correct-multi-humaneval_109,# compute the result\n    assert True\n    if not arr:\n        return True\n\n    x_n = len(arr)\n    x_shifts = 0\n    for x_i in range(x_n):\n        if arr[x_i] > arr[(x_i + 1) % x_n]:\n            x_shift,python,99,unusual,yes,16.81831932067871,-158.7840118408203,39.05378723144531,-1.6038789074830335,0.3944826993075284,/workspace/models_g4it/v6-google--gemma-4-31B-it-delta0.15-epoch2--humaneval-v2.1correct-multi-all--d2g--random--alpha1.0--tc-neg--full-completion--semi0.1
v2.1correct-multi-humaneval_109,"return len(arr) == 0 or all(arr[i] <= arr[i+1] for i in range(len(arr)-1)) or \\n           all(arr[i] <= arr[(i+j)%len(arr)] for i in range(len(arr)) for j in range(1, len(arr)))",python,74,different-style,no,-13.480766296386719,-117.72848510742188,-14.712394714355469,-1.59092547442462,-0.19881614478858742,/workspace/models_g4it/v6-google--gemma-4-31B-it-delta0.15-epoch2--humaneval-v2.1correct-multi-all--d2g--random--alpha1.0--tc-neg--full-completion--semi0.1
v2.1correct-multi-humaneval_109,sorted_arr = sorted(arr)\n    n = len(arr)\n    for i in range(n):\n        if arr == sorted_arr:\n            return True\n        arr = arr[1:] + arr[:1]\n    return False,python,55,normal,no,-7.218243598937988,-74.9000473022461,-27.062114715576172,-1.36181904185902,-0.49203844937411223,/workspace/models_g4it/v6-google--gemma-4-31B-it-delta0.15-epoch2--humaneval-v2.1correct-multi-all--d2g--random--alpha1.0--tc-neg--full-completion--semi0.1
v2.1correct-multi-humaneval_109,if not arr:\n        return True\n    \n    n1 = len(arr)\n    sorted_arr3 = sorted(arr)\n    \n    for i0 in range(n1):\n        rotated2 = arr[i0:] + arr[:i0]\n        if rotated2 == sorted_arr3:\n          ,python,80,external,yes,14.659035682678223,-91.01679992675781,20.10785675048828,-1.1377099990844726,0.2513482093811035,/workspace/models_g4it/v6-google--gemma-4-31B-it-delta0.15-epoch2--humaneval-v2.1correct-multi-all--d2g--random--alpha1.0--tc-neg--full-completion--semi0.1
v2.1correct-multi-humaneval_109,"if not arr:\n        return True\n\n    n = len(arr)\n    arrDoubled = arr + arr\n\n    for i in range(1, n):\n        if arr[i] < arr[i - 1]:\n            if sorted(arr) == arrDoubled[i:i + n]:\n             ",python,87,normal,yes,5.624988555908203,-113.01241302490234,14.612129211425781,-1.298993253159797,0.16795550817730784,/workspace/models_g4it/v6-google--gemma-4-31B-it-delta0.15-epoch2--humaneval-v2.1correct-multi-all--d2g--random--alpha1.0--tc-neg--full-completion--semi0.1
v2.1correct-multi-humaneval_109,if len(arr) == 0:\n        return True\n    max_val = max(arr)\n    min_val = min(arr)\n    count = 0\n    for i in range(len(arr)):\n        if arr[i] == min_val:\n            count += 1\n    if count > 1:\n ,python,162,bad-style,no,-16.733943939208984,-214.63946533203125,-67.73799133300781,-1.3249349711853782,-0.41813574896918404,/workspace/models_g4it/v6-google--gemma-4-31B-it-delta0.15-epoch2--humaneval-v2.1correct-multi-all--d2g--random--alpha1.0--tc-neg--full-completion--semi0.1
v2.1correct-multi-humaneval_109,biggest = max(arr)\n    	index = 0\n    	while index < len(arr):\n    		if arr[index] == biggest:\n    			break\n    		index += 1\n    	t = True\n    	while index != 0:\n    		if arr[index - 1] > arr[index]:\n,python,98,refactorable,no,-14.138071060180664,-167.1822509765625,-34.74681091308594,-1.7059413364955358,-0.35455929503148914,/workspace/models_g4it/v6-google--gemma-4-31B-it-delta0.15-epoch2--humaneval-v2.1correct-multi-all--d2g--random--alpha1.0--tc-neg--full-completion--semi0.1
v2.1correct-multi-humaneval_109,arr.sort()\n    for i in range(len(arr)):\n        if arr[i] != i+1:\n            return False\n    return True,python,35,different-style,no,-16.619997024536133,-137.39830017089844,-77.97948455810547,-3.925665719168527,-2.2279852730887275,/workspace/models_g4it/v6-google--gemma-4-31B-it-delta0.15-epoch2--humaneval-v2.1correct-multi-all--d2g--random--alpha1.0--tc-neg--full-completion--semi0.1
v2.1correct-multi-humaneval_109,"# compute the result\n    assert True\n    sorted_arr1 = sorted(arr)\n    return sorted_arr1 == arr or any(sorted_arr1 == arr[-i0:] + arr[:-i0] for i0 in range(1, len(arr)))",python,59,normal,yes,12.481169700622559,-118.94139862060547,59.260108947753906,-2.0159559088238215,1.004408626233117,/workspace/models_g4it/v6-google--gemma-4-31B-it-delta0.15-epoch2--humaneval-v2.1correct-multi-all--d2g--random--alpha1.0--tc-neg--full-completion--semi0.1
v2.1correct-multi-humaneval_109,if not arr:\n        return True\n\n    n2 = len(arr)\n    count_breaks0 = 0\n\n    for i1 in range(n2):\n        if arr[i1] > arr[(i1 + 1) % n2]:\n            count_breaks0 += 1\n    _T0 = count_breaks0 <= 1\n,python,86,normal,yes,17.26157569885254,-109.39354705810547,60.700477600097656,-1.272017989047738,0.7058195069778798,/workspace/models_g4it/v6-google--gemma-4-31B-it-delta0.15-epoch2--humaneval-v2.1correct-multi-all--d2g--random--alpha1.0--tc-neg--full-completion--semi0.1
v2.1correct-multi-humaneval_109,# compute the result\n    assert True\n    if not arr:\n        return True\n    the_n_value = len(arr)\n    the_k_value = 0\n    for the_i_value in range(the_n_value):\n        the_j_value = the_i_value + 1,python,148,refactorable,yes,15.070274353027344,-135.72291564941406,35.271453857421875,-0.9170467273609059,0.23832063417176944,/workspace/models_g4it/v6-google--gemma-4-31B-it-delta0.15-epoch2--humaneval-v2.1correct-multi-all--d2g--random--alpha1.0--tc-neg--full-completion--semi0.1
v2.1correct-multi-humaneval_109,"min_index, n = 0, len(arr)\n    for i in range(min_index, n):\n        if arr[i] > arr[min_index]:\n            min_index = i\n    if min_index == 0:\n        return True\n    for _ in range(min_index):\n   ",python,137,unusual,no,-15.536157608032227,-241.61363220214844,-13.882949829101562,-1.7636031547602076,-0.10133540021242017,/workspace/models_g4it/v6-google--gemma-4-31B-it-delta0.15-epoch2--humaneval-v2.1correct-multi-all--d2g--random--alpha1.0--tc-neg--full-completion--semi0.1
