problem_name,solution_preview,language,num_tokens,strategy,correct,val_score,gen_score,gen_score_typcorr,gen_score_lenorm,gen_score_typcorr_lenorm,model_path
v2.1correct-multi-humaneval_130,"# compute the result\n    assert True\n    if n == 0:\n        return [1]\n    \n    the_tri_seq_value = [1, 3]  # Initial known values for tri(0) and tri(1)\n    \n    for the_i_value in range(2, n + 1):\n  ",python,202,normal,yes,-16.40130615234375,-242.13873291015625,-13.45391845703125,-1.19870659856513,-0.06660355671797649,/workspace/models_g4it/v6-google--gemma-4-31B-it-delta0.15-epoch2--humaneval-v2.1correct-multi-all--d2g--random--alpha1.0--tc-neg--full-completion--semi0.1
v2.1correct-multi-humaneval_130,"if n == 0:\n        return []\n    elif n == 1:\n        return [3]\n    elif n == 2:\n        return [1, 3]\n    elif n == 3:\n        return [1, 3, 2]\n    else:\n        result = [1, 3, 2]\n        for i in ",python,153,bad-style,no,-16.46126937866211,-159.68869018554688,-66.4726333618164,-1.0437169293172999,-0.43446165595958436,/workspace/models_g4it/v6-google--gemma-4-31B-it-delta0.15-epoch2--humaneval-v2.1correct-multi-all--d2g--random--alpha1.0--tc-neg--full-completion--semi0.1
v2.1correct-multi-humaneval_130,"# compute the result\n    if n == 0:\n        return [1]\n    tribonacci2 = [1, 3]\n    for i0 in range(2, n+1):\n        if i0 % 2 == 0:\n            value3 = 1 + i0 // 2\n        else:\n            if i0 + ",python,192,normal,yes,-5.874144554138184,-169.14540100097656,37.17567443847656,-0.8809656302134196,0.19362330436706543,/workspace/models_g4it/v6-google--gemma-4-31B-it-delta0.15-epoch2--humaneval-v2.1correct-multi-all--d2g--random--alpha1.0--tc-neg--full-completion--semi0.1
v2.1correct-multi-humaneval_130,if n < 0:\n        pass  # Edge case handling (not included in the given function)\n    tribonacci_numbers = [3]  # Starting with the first element of the sequence\n    while len(tribonacci_numbers) < n ,python,212,bad-style,no,-18.00048065185547,-572.263916015625,-171.9029541015625,-2.6993580944133253,-0.8108629910451062,/workspace/models_g4it/v6-google--gemma-4-31B-it-delta0.15-epoch2--humaneval-v2.1correct-multi-all--d2g--random--alpha1.0--tc-neg--full-completion--semi0.1
v2.1correct-multi-humaneval_130,result = []\n    for i in range(n + 1):\n        if i == 1:\n            result.append(3)\n        elif i % 2 == 0:\n            result.append(1 + i / 2)\n        else:\n            if i >= 3:\n              ,python,160,refactorable,no,-15.269474029541016,-195.69894409179688,-48.20127868652344,-1.2231184005737306,-0.3012579917907715,/workspace/models_g4it/v6-google--gemma-4-31B-it-delta0.15-epoch2--humaneval-v2.1correct-multi-all--d2g--random--alpha1.0--tc-neg--full-completion--semi0.1
v2.1correct-multi-humaneval_130,"if n == 0:\n        return [1]\n    elif n == 1:\n        return [1, 3]\n    elif n == 2:\n        return [1, 3, 2]\n    else:\n        sequence = [1, 3, 2]\n        while len(sequence) <= n:\n            if s",python,139,refactorable,no,-16.56073570251465,-160.72702026367188,-54.35621643066406,-1.1563094982997977,-0.39105191676736734,/workspace/models_g4it/v6-google--gemma-4-31B-it-delta0.15-epoch2--humaneval-v2.1correct-multi-all--d2g--random--alpha1.0--tc-neg--full-completion--semi0.1
v2.1correct-multi-humaneval_130,"if n == 0:\n        return [1]\n    if n == 1:\n        return [1, 3]\n\n    the_seq_value = [1, 3]\n    for the_i_value in range(2, n + 1):\n        if the_i_value % 2 == 0:\n            the_seq_value.append",python,200,normal,yes,-13.51707649230957,-183.21746826171875,-18.35882568359375,-0.9160873413085937,-0.09179412841796875,/workspace/models_g4it/v6-google--gemma-4-31B-it-delta0.15-epoch2--humaneval-v2.1correct-multi-all--d2g--random--alpha1.0--tc-neg--full-completion--semi0.1
v2.1correct-multi-humaneval_130,# compute the result\n    the_result_value = []\n    for the_i_value in range(n + 1):\n        if the_i_value == 0:\n            the_result_value.append(1)\n        elif the_i_value == 1:\n            the_r,python,184,normal,yes,4.871095180511475,-87.63587951660156,25.34648895263672,-0.47628195389457373,0.13775265735128653,/workspace/models_g4it/v6-google--gemma-4-31B-it-delta0.15-epoch2--humaneval-v2.1correct-multi-all--d2g--random--alpha1.0--tc-neg--full-completion--semi0.1
v2.1correct-multi-humaneval_130,"assert True\n    if n == 0:\n        return [1]\n    if n == 1:\n        return [1, 3]\n    \n    v1 = [1, 3]\n    \n    for v0 in range(2, n + 1):\n        if v0 % 2 == 0:\n            v1.append(1 + v0 / 2)\n  ",python,142,normal,yes,-11.149097442626953,-150.95693969726562,-10.569122314453125,-1.063077040121589,-0.07443043883417694,/workspace/models_g4it/v6-google--gemma-4-31B-it-delta0.15-epoch2--humaneval-v2.1correct-multi-all--d2g--random--alpha1.0--tc-neg--full-completion--semi0.1
v2.1correct-multi-humaneval_130,"tri_seq = [0, 3] + [0]*n\n    for i in range(2, n + 2):\n        if i % 2 == 0:\n            tri_seq[i] = int(i // 2)\n        else:\n            tri_seq[i] = tri_seq[i - 1] + tri_seq[i - 2] + tri_seq[i + ",python,110,unusual,no,-15.488212585449219,-132.5543212890625,-13.862686157226562,-1.2050392844460227,-0.12602441961115057,/workspace/models_g4it/v6-google--gemma-4-31B-it-delta0.15-epoch2--humaneval-v2.1correct-multi-all--d2g--random--alpha1.0--tc-neg--full-completion--semi0.1
v2.1correct-multi-humaneval_130,"if n == 0:\n        return [1]\n\n    TRI_VALUES = [0] * (n + 1)\n    TRI_VALUES[0] = 1\n    if n >= 1:\n        TRI_VALUES[1] = 3\n    \n    for I in range(2, n + 1):\n        if I % 2 == 0:\n            TRI_V",python,216,normal,yes,-14.095245361328125,-153.71791076660156,14.936935424804688,-0.7116569942898221,0.06915247881854023,/workspace/models_g4it/v6-google--gemma-4-31B-it-delta0.15-epoch2--humaneval-v2.1correct-multi-all--d2g--random--alpha1.0--tc-neg--full-completion--semi0.1
v2.1correct-multi-humaneval_130,result = []\n    for i in range(n + 1):\n        if i == 1:\n            result.append(3)\n        elif i % 2 == 0:\n            result.append(1 + i / 2)\n        else:\n            if i == 0:\n              ,python,188,beginner,no,-15.035109519958496,-134.4676971435547,-44.553558349609375,-0.7152537082103972,-0.2369870124979222,/workspace/models_g4it/v6-google--gemma-4-31B-it-delta0.15-epoch2--humaneval-v2.1correct-multi-all--d2g--random--alpha1.0--tc-neg--full-completion--semi0.1
v2.1correct-multi-humaneval_130,"assert True\n    if n == 0:\n        _T0 = [1]\n        return _T0\n    if n == 1:\n        return [1, 3]\n    \n    the_sequence_value = [1, 3]\n    for the_i_value in range(2, n + 1):\n        if the_i_value",python,185,normal,yes,-11.30534553527832,-183.45004272460938,-17.252151489257812,-0.9916218525654561,-0.0932548729149071,/workspace/models_g4it/v6-google--gemma-4-31B-it-delta0.15-epoch2--humaneval-v2.1correct-multi-all--d2g--random--alpha1.0--tc-neg--full-completion--semi0.1
v2.1correct-multi-humaneval_130,# compute the result\n    assert True\n    RES = []\n    for I in range(n + 1):\n        if I == 0:\n            RES.append(1)\n        elif I == 1:\n            RES.append(3)\n        elif I % 2 == 0:\n      ,python,124,normal,yes,5.375033378601074,-101.43626403808594,10.998146057128906,-0.8180343874039189,0.0886947262671686,/workspace/models_g4it/v6-google--gemma-4-31B-it-delta0.15-epoch2--humaneval-v2.1correct-multi-all--d2g--random--alpha1.0--tc-neg--full-completion--semi0.1
v2.1correct-multi-humaneval_130,"""""""Innovative Tribonacci sequence implementation.""""""\n    sequence = [1, 3]\n    for i in range(2, n + 1):\n        if i % 2 == 0:\n            sequence.append(int(i / 2))\n        else:\n            sequen",python,100,different-style,no,-17.125452041625977,-228.37620544433594,-62.15666198730469,-2.2837620544433594,-0.6215666198730468,/workspace/models_g4it/v6-google--gemma-4-31B-it-delta0.15-epoch2--humaneval-v2.1correct-multi-all--d2g--random--alpha1.0--tc-neg--full-completion--semi0.1
v2.1correct-multi-humaneval_130,"# compute the result\n    assert True\n    if n == 0:\n        return [1]\n    v1 = [1, 3]\n    for v0 in range(2, n + 1):\n        if v0 % 2 == 0:\n            v1.append(1 + v0 / 2)\n        else:\n          ",python,125,normal,yes,-4.154836177825928,-127.85577392578125,14.76544189453125,-1.02284619140625,0.11812353515625,/workspace/models_g4it/v6-google--gemma-4-31B-it-delta0.15-epoch2--humaneval-v2.1correct-multi-all--d2g--random--alpha1.0--tc-neg--full-completion--semi0.1
v2.1correct-multi-humaneval_130,result = []\n    for i in range(n + 1):\n        if i == 1:\n            result.append(3)\n        elif i % 2 == 0:\n            result.append(1 + i / 2)\n        else:\n            tri_val = result[i - 1] +,python,127,different-style,no,-14.581975936889648,-111.56124877929688,-33.42798614501953,-0.8784350297582431,-0.26321248933086244,/workspace/models_g4it/v6-google--gemma-4-31B-it-delta0.15-epoch2--humaneval-v2.1correct-multi-all--d2g--random--alpha1.0--tc-neg--full-completion--semi0.1
v2.1correct-multi-humaneval_130,if n < 0:\n        return []\n    sequence = [1]\n    if n == 0:\n        return sequence\n    sequence.append(3)\n    if n == 1:\n        return sequence\n    sequence.append(2)\n    if n == 2:\n        return,python,151,external,no,-14.810084342956543,-142.6193084716797,-48.054656982421875,-0.9444987316005278,-0.3182427614729926,/workspace/models_g4it/v6-google--gemma-4-31B-it-delta0.15-epoch2--humaneval-v2.1correct-multi-all--d2g--random--alpha1.0--tc-neg--full-completion--semi0.1
v2.1correct-multi-humaneval_130,"# compute the result\n    if n == 0:\n        return [1]\n\n    result1 = [1, 3]\n\n    for i0 in range(2, n + 1):\n        if i0 % 2 == 0:\n            result1.append(1 + i0 // 2)\n        else:\n            r",python,121,normal,yes,1.8753166198730469,-116.73086547851562,19.632659912109375,-0.9647178965166581,0.16225338770338327,/workspace/models_g4it/v6-google--gemma-4-31B-it-delta0.15-epoch2--humaneval-v2.1correct-multi-all--d2g--random--alpha1.0--tc-neg--full-completion--semi0.1
v2.1correct-multi-humaneval_130,if n == 0:\n        return 1\n    elif n == 1:\n        return 3\n    elif n % 2 == 0:\n        return 1 + n / 2\n    else:\n        return tri(n - 1) + tri(n - 2) + tri(n + 1)\n\ndef tribonacci_sequence(n):\n ,python,102,external,no,-13.794465065002441,-138.7602996826172,-51.370567321777344,-1.3603950949276196,-0.5036330129586014,/workspace/models_g4it/v6-google--gemma-4-31B-it-delta0.15-epoch2--humaneval-v2.1correct-multi-all--d2g--random--alpha1.0--tc-neg--full-completion--semi0.1
v2.1correct-multi-humaneval_130,@functools.lru_cache(maxsize=None)\n    def tribonacci(k):\n        if k == 1:\n            return 3\n        elif k % 2 == 0:\n            return 1 + k / 2\n        else:\n            return tribonacci(k - ,python,110,external,no,-15.60694408416748,-103.320068359375,-27.756248474121094,-0.939273348721591,-0.25232953158291904,/workspace/models_g4it/v6-google--gemma-4-31B-it-delta0.15-epoch2--humaneval-v2.1correct-multi-all--d2g--random--alpha1.0--tc-neg--full-completion--semi0.1
v2.1correct-multi-humaneval_130,"if n == 0:\n        return [1]\n    elif n == 1:\n        return [1, 3]\n    elif n == 2:\n        return [1, 3, 2]\n    else:\n        sequence = [1, 3, 2]\n        for i in range(3, n + 1):\n            if i",python,141,normal,no,-12.70457649230957,-90.44334411621094,-37.2601318359375,-0.6414421568525598,-0.2642562541555851,/workspace/models_g4it/v6-google--gemma-4-31B-it-delta0.15-epoch2--humaneval-v2.1correct-multi-all--d2g--random--alpha1.0--tc-neg--full-completion--semi0.1
v2.1correct-multi-humaneval_130,"trib = [0] * (n + 2)\n    trib[1] = 3\n    trib[2] = 1 + 2 // 2\n\n    for i in range(3, n + 2):\n        if i % 2 == 0:\n            trib[i] = 1 + i // 2\n        else:\n            trib[i] = trib[i - 1] + t",python,116,unusual,no,-14.945068359375,-142.79820251464844,-41.81037139892578,-1.231018987195245,-0.36043423619763604,/workspace/models_g4it/v6-google--gemma-4-31B-it-delta0.15-epoch2--humaneval-v2.1correct-multi-all--d2g--random--alpha1.0--tc-neg--full-completion--semi0.1
v2.1correct-multi-humaneval_130,"if n == 0:\n        return [1]\n    \n    result = [0] * (n + 1)\n    result[0] = 1\n    result[1] = 3\n    \n    for i in range(2, n + 1):\n        if i % 2 == 0:\n            result[i] = 1 + i // 2\n        e",python,184,external,no,-15.695039749145508,-100.23651885986328,-2.0534515380859375,-0.5447636894557787,-0.01116006270698879,/workspace/models_g4it/v6-google--gemma-4-31B-it-delta0.15-epoch2--humaneval-v2.1correct-multi-all--d2g--random--alpha1.0--tc-neg--full-completion--semi0.1
v2.1correct-multi-humaneval_130,"assert True\n    if n < 0:\n        _T0 = []\n        return _T0\n    \n    if n == 0:\n        return [1]\n    \n    # Initialize the sequence with known values\n    the_sequence_value = [1, 3]  # tri(0) = 1,",python,334,external,yes,-8.662652969360352,-328.8028869628906,16.344818115234375,-0.9844397813260198,0.04893658118333645,/workspace/models_g4it/v6-google--gemma-4-31B-it-delta0.15-epoch2--humaneval-v2.1correct-multi-all--d2g--random--alpha1.0--tc-neg--full-completion--semi0.1
v2.1correct-multi-humaneval_130,"if n == 0:\n        return []\n    elif n == 1:\n        return [1]\n    elif n == 2:\n        return [1, 3]\n    else:\n        res = [1, 3]\n        for _ in range(2, n + 1):\n            if _ % 2 == 0:\n    ",python,124,beginner,no,-13.419334411621094,-150.90869140625,-49.79022979736328,-1.2170055758568548,-0.40153411126905875,/workspace/models_g4it/v6-google--gemma-4-31B-it-delta0.15-epoch2--humaneval-v2.1correct-multi-all--d2g--random--alpha1.0--tc-neg--full-completion--semi0.1
v2.1correct-multi-humaneval_130,if n < 0:\n    return []\n    seq = []\n    for i in range(n + 1):\n    if i == 0:\n        seq.append(1)\n    elif i == 1:\n        seq.append(3)\n    elif i % 2 == 0:\n        seq.append(1 + i // 2)\n    else,python,196,normal,no,-15.606941223144531,-210.67156982421875,-13.452392578125,-1.0748549480827487,-0.06863465601084184,/workspace/models_g4it/v6-google--gemma-4-31B-it-delta0.15-epoch2--humaneval-v2.1correct-multi-all--d2g--random--alpha1.0--tc-neg--full-completion--semi0.1
v2.1correct-multi-humaneval_130,"# compute the result\n    assert True\n    if n == 0:\n        _T0 = [1]\n        return _T0\n    if n == 1:\n        return [1, 3]\n    \n    x_sequence = [1, 3]\n    for x_i in range(2, n + 1):\n        if x_",python,165,normal,yes,4.5156569480896,-176.0007781982422,-2.1710357666015625,-1.0666713830196497,-0.013157792524857954,/workspace/models_g4it/v6-google--gemma-4-31B-it-delta0.15-epoch2--humaneval-v2.1correct-multi-all--d2g--random--alpha1.0--tc-neg--full-completion--semi0.1
v2.1correct-multi-humaneval_130,"seq = [3]\n    a, b, c = 3, 0, 1\n\n    for _ in range(n - 1):\n        sequence_length = len(seq)\n        if sequence_length % 2:\n            next_number = seq[-1] + seq[-2] + seq[-(sequence_length + 1)]",python,122,unusual,no,-18.076364517211914,-352.7081298828125,-107.20803833007812,-2.891050244941086,-0.878754412541624,/workspace/models_g4it/v6-google--gemma-4-31B-it-delta0.15-epoch2--humaneval-v2.1correct-multi-all--d2g--random--alpha1.0--tc-neg--full-completion--semi0.1
