problem_name,solution_preview,language,num_tokens,strategy,correct,val_score,gen_score,gen_score_typcorr,gen_score_lenorm,gen_score_typcorr_lenorm,model_path
v2.1correct-upper-humaneval_45,"""""""Given length of a side and height, return area for a triangle.\n    >>> triangle_area(5, 3)\n    7.5\n    """"""\n    if a <= 0 or h <= 0:\n        raise ValueError('Side and height must be greater than ze",python,78,unusual,yes,-13.966617584228516,-64.5041732788086,61.58430480957031,-0.8269765804975461,0.7895423693534656,/workspace/models_g4it/v7-google--gemma-4-31B-it-delta2.14-epoch1--humaneval-v2.1correct-upper-all--d2g--random--alpha1.0--full-completion--semi0.1--fix1
v2.1correct-upper-humaneval_45,AREA = 0.5 * a * h\n    return AREA,python,14,bad-style,yes,-13.211311340332031,-14.818227767944336,30.21199607849121,-1.0584448405674525,2.157999719892229,/workspace/models_g4it/v7-google--gemma-4-31B-it-delta2.14-epoch1--humaneval-v2.1correct-upper-all--d2g--random--alpha1.0--full-completion--semi0.1--fix1
v2.1correct-upper-humaneval_45,return 0.5 * a * h,python,9,normal,yes,-6.988883972167969,-9.055065155029297,17.54397964477539,-1.0061183505588107,1.94933107164171,/workspace/models_g4it/v7-google--gemma-4-31B-it-delta2.14-epoch1--humaneval-v2.1correct-upper-all--d2g--random--alpha1.0--full-completion--semi0.1--fix1
v2.1correct-upper-humaneval_45,AREA = 0.5 * a * h\n    return AREA,python,14,beginner,yes,-13.211311340332031,-14.818227767944336,30.21199607849121,-1.0584448405674525,2.157999719892229,/workspace/models_g4it/v7-google--gemma-4-31B-it-delta2.14-epoch1--humaneval-v2.1correct-upper-all--d2g--random--alpha1.0--full-completion--semi0.1--fix1
v2.1correct-upper-humaneval_45,"""""""Given length of a side (a) and high (h) return area for a triangle.\n    """"""\n\n    return 0.5 * a * h\n':\n\n\n# Test cases\nprint(triangle_area(5, 3))  # should return 7.5\nprint(triangle_area(3, 2))  # s",python,121,beginner,no,-15.995916366577148,-166.51519775390625,51.68780517578125,-1.3761586591231922,0.42717194360149796,/workspace/models_g4it/v7-google--gemma-4-31B-it-delta2.14-epoch1--humaneval-v2.1correct-upper-all--d2g--random--alpha1.0--full-completion--semi0.1--fix1
v2.1correct-upper-humaneval_45,"""""""Given length of a side and high return area for a triangle.\n    >>> triangle_area(5, 3)\n    7.5\n    """"""\n    AREA = 0.5 * a * h\n    return AREA\n    print(triangle_area(5, 3))",python,63,beginner,yes,-14.83030891418457,-58.160118103027344,29.45587158203125,-0.9231764778258309,0.4675535171750992,/workspace/models_g4it/v7-google--gemma-4-31B-it-delta2.14-epoch1--humaneval-v2.1correct-upper-all--d2g--random--alpha1.0--full-completion--semi0.1--fix1
v2.1correct-upper-humaneval_45,Here's the completed function body:\n\n    ```python\n    return (a * h) / 2,python,23,normal,no,19.99405288696289,-32.60260772705078,48.49785614013672,-1.4175046837848166,2.1086024408755093,/workspace/models_g4it/v7-google--gemma-4-31B-it-delta2.14-epoch1--humaneval-v2.1correct-upper-all--d2g--random--alpha1.0--full-completion--semi0.1--fix1
v2.1correct-upper-humaneval_45,"""""""Given length of two sides and returns area for right-angled triangle.\n    >>> triangle_area(5, 3)\n    7.5\n    """"""\n    # calculate the area\n    area = 0.5 * a * b\n    return area\n    \nprint(triangle",python,71,unusual,no,-14.644283294677734,-142.933349609375,36.477569580078125,-2.013145769146127,0.5137685856349031,/workspace/models_g4it/v7-google--gemma-4-31B-it-delta2.14-epoch1--humaneval-v2.1correct-upper-all--d2g--random--alpha1.0--full-completion--semi0.1--fix1
v2.1correct-upper-humaneval_45,area = (a * h) / 2,python,10,refactorable,no,-14.793190956115723,-17.581815719604492,11.494974136352539,-1.7581815719604492,1.1494974136352538,/workspace/models_g4it/v7-google--gemma-4-31B-it-delta2.14-epoch1--humaneval-v2.1correct-upper-all--d2g--random--alpha1.0--full-completion--semi0.1--fix1
v2.1correct-upper-humaneval_45,return a * h / 2,python,7,beginner,yes,-7.362676620483398,-7.690263271331787,7.3180928230285645,-1.0986090387616838,1.0454418318612235,/workspace/models_g4it/v7-google--gemma-4-31B-it-delta2.14-epoch1--humaneval-v2.1correct-upper-all--d2g--random--alpha1.0--full-completion--semi0.1--fix1
v2.1correct-upper-humaneval_45,"import random\n    d2_val = (random.uniform(0, 2 * a)) ** 2\n    area = math.sqrt(d2_val)\n    return area * (area - a) * 0.5",python,52,unusual,no,-16.798385620117188,-202.7464141845703,14.816665649414062,-3.898969503549429,0.28493587787334734,/workspace/models_g4it/v7-google--gemma-4-31B-it-delta2.14-epoch1--humaneval-v2.1correct-upper-all--d2g--random--alpha1.0--full-completion--semi0.1--fix1
v2.1correct-upper-humaneval_45,if a <= 0 or h <= 0:\n        return 0\n    AREA = a * h / 2\n    if AREA > 0:\n        return AREA\n    return 0,python,43,bad-style,yes,-9.85537338256836,-38.00420379638672,56.225311279296875,-0.883818692939226,1.3075653785882995,/workspace/models_g4it/v7-google--gemma-4-31B-it-delta2.14-epoch1--humaneval-v2.1correct-upper-all--d2g--random--alpha1.0--full-completion--semi0.1--fix1
v2.1correct-upper-humaneval_45,"return 0.5 * a * h\n\nprint(triangle_area(5, 3))  # This prints 7.5, which is the correct area of a right triangle\n\nIf the input for example ""5"" and ""3"" isn't representing a triangle, this function shou",python,119,beginner,no,-12.489709854125977,-386.4054260253906,53.719573974609375,-3.247104420381434,0.4514249913832721,/workspace/models_g4it/v7-google--gemma-4-31B-it-delta2.14-epoch1--humaneval-v2.1correct-upper-all--d2g--random--alpha1.0--full-completion--semi0.1--fix1
v2.1correct-upper-humaneval_45,"if not isinstance(a, (int, float)) or not isinstance(h, (int, float)):\n        raise TypeError('Side length and height must be numbers')\n    if a <= 0 or h <= 0:\n        raise ValueError('Side length ",python,77,refactorable,yes,-10.2092866897583,-31.62126922607422,80.8447494506836,-0.41066583410485996,1.0499318110478388,/workspace/models_g4it/v7-google--gemma-4-31B-it-delta2.14-epoch1--humaneval-v2.1correct-upper-all--d2g--random--alpha1.0--full-completion--semi0.1--fix1
v2.1correct-upper-humaneval_45,"""""""Given length of a side and high return area for a triangle.\n    >>> triangle_area(5, 3)\n    7.5\n    """"""\n    return 0.5 * a * h",python,45,external,yes,-15.204928398132324,-13.137638092041016,28.698654174804688,-0.291947513156467,0.6377478705512153,/workspace/models_g4it/v7-google--gemma-4-31B-it-delta2.14-epoch1--humaneval-v2.1correct-upper-all--d2g--random--alpha1.0--full-completion--semi0.1--fix1
v2.1correct-upper-humaneval_45,return 0.5 * a * h,python,9,beginner,yes,-6.988883972167969,-9.055065155029297,17.54397964477539,-1.0061183505588107,1.94933107164171,/workspace/models_g4it/v7-google--gemma-4-31B-it-delta2.14-epoch1--humaneval-v2.1correct-upper-all--d2g--random--alpha1.0--full-completion--semi0.1--fix1
v2.1correct-upper-humaneval_45,"return 0.5 * a * h\n    print(triangle_area(5, 3))",python,22,refactorable,yes,-15.109068870544434,-38.171810150146484,15.66152572631836,-1.735082279552113,0.7118875330144708,/workspace/models_g4it/v7-google--gemma-4-31B-it-delta2.14-epoch1--humaneval-v2.1correct-upper-all--d2g--random--alpha1.0--full-completion--semi0.1--fix1
v2.1correct-upper-humaneval_45,return 0.5 * a * h,python,9,normal,yes,-6.988883972167969,-9.055065155029297,17.54397964477539,-1.0061183505588107,1.94933107164171,/workspace/models_g4it/v7-google--gemma-4-31B-it-delta2.14-epoch1--humaneval-v2.1correct-upper-all--d2g--random--alpha1.0--full-completion--semi0.1--fix1
v2.1correct-upper-humaneval_45,"""""""Given length of a side and height return area for a triangle.\n    >>> triangle_area(5, 3)\n    7.5\n    """"""\n    # This part is not obvious: calculate area using Heron's formula\n    area = (s * (s - a",python,72,unusual,no,-14.187826156616211,-183.07717895507812,9.034881591796875,-2.542738596598307,0.12548446655273438,/workspace/models_g4it/v7-google--gemma-4-31B-it-delta2.14-epoch1--humaneval-v2.1correct-upper-all--d2g--random--alpha1.0--full-completion--semi0.1--fix1
v2.1correct-upper-humaneval_45,return a * h / 2,python,7,normal,yes,-7.362676620483398,-7.690263271331787,7.3180928230285645,-1.0986090387616838,1.0454418318612235,/workspace/models_g4it/v7-google--gemma-4-31B-it-delta2.14-epoch1--humaneval-v2.1correct-upper-all--d2g--random--alpha1.0--full-completion--semi0.1--fix1
v2.1correct-upper-humaneval_45,return a * h / 2 if h > 0 else 'Invalid height',python,17,unusual,yes,-10.98011302947998,-50.824615478515625,2.0109596252441406,-2.9896832634420956,0.11829174266142004,/workspace/models_g4it/v7-google--gemma-4-31B-it-delta2.14-epoch1--humaneval-v2.1correct-upper-all--d2g--random--alpha1.0--full-completion--semi0.1--fix1
v2.1correct-upper-humaneval_45,return a * h,python,4,bad-style,no,-17.812421798706055,-7.807539939880371,-7.3998783826828,-1.9518849849700928,-1.8499695956707,/workspace/models_g4it/v7-google--gemma-4-31B-it-delta2.14-epoch1--humaneval-v2.1correct-upper-all--d2g--random--alpha1.0--full-completion--semi0.1--fix1
v2.1correct-upper-humaneval_45,_return (a * h) / 2,python,10,different-style,no,-10.393572807312012,-32.05809020996094,-1.926534652709961,-3.2058090209960937,-0.19265346527099608,/workspace/models_g4it/v7-google--gemma-4-31B-it-delta2.14-epoch1--humaneval-v2.1correct-upper-all--d2g--random--alpha1.0--full-completion--semi0.1--fix1
v2.1correct-upper-humaneval_45,return 0.5 * a * h,python,9,normal,yes,-6.988883972167969,-9.055065155029297,17.54397964477539,-1.0061183505588107,1.94933107164171,/workspace/models_g4it/v7-google--gemma-4-31B-it-delta2.14-epoch1--humaneval-v2.1correct-upper-all--d2g--random--alpha1.0--full-completion--semi0.1--fix1
v2.1correct-upper-humaneval_45,area = 0.5 * a * h,python,10,different-style,no,-15.495586395263672,-16.083045959472656,20.769691467285156,-1.6083045959472657,2.0769691467285156,/workspace/models_g4it/v7-google--gemma-4-31B-it-delta2.14-epoch1--humaneval-v2.1correct-upper-all--d2g--random--alpha1.0--full-completion--semi0.1--fix1
