question,answer,correct,strategy,model,temperature,task_id,error,strict_extracted,flexible_extracted,strict_correct,flexible_correct,len_chars,judge_verdict,judge_truncated,log_prob,num_completion_tokens,log_prob_per_token,gold_answer
"It takes James 10 minutes to read 3 pages of his book before he goes to bed. He reads 18 pages of his book and then decides to go to sleep. How long does James spend reading, in minutes?","First, I need to understand how many sets of 3 pages are in 18 pages. I see that there are 18 / 3 = 6 sets of 3 pages. Since James spends 10 minutes on each set of 3 pages, he will spend 10 minutes x 6 = 60 minutes reading.

The answer is 60.",Yes,beginner,allenai/OLMo-2-0425-1B-Instruct,1.0,gsm8k_test_1018,,60,60.,True,True,242,No,False,-89.5,80,-1.11875,60
"It takes James 10 minutes to read 3 pages of his book before he goes to bed. He reads 18 pages of his book and then decides to go to sleep. How long does James spend reading, in minutes?","First, I need to figure out how long it takes James to read 1 page. Since he reads 3 pages in 10 minutes, I divide 10 minutes by 3 pages to get the time per page. That's 10 / 3 = 3.33 minutes per page.

Now, James reads 18 pages. Since I already know it takes him 3.33 minutes per page, I multiply 18 pages by 3.33 minutes per page to find out how long it takes him to read 18 pages.

18 pages * 3.33 minutes per page = 60 minutes.

The answer is 60.",Yes,beginner,allenai/OLMo-2-0425-1B-Instruct,1.0,gsm8k_test_1018,,60,60.,True,True,450,No,False,-121.5,149,-0.8154362416107382,60
"It takes James 10 minutes to read 3 pages of his book before he goes to bed. He reads 18 pages of his book and then decides to go to sleep. How long does James spend reading, in minutes?","First, let's find out how long it takes James to read 1 page. We know that James reads 3 pages in 10 minutes. So, to find out how many minutes it takes him to read 1 page, we divide the total time by the number of pages: 10 minutes / 3 pages = 3.33 minutes per page. 

Next, we want to find out how long it takes James to read 18 pages. We multiply the time it takes to read 1 page by the number of pages he wants to read: 3.33 minutes per page * 18 pages = 60 minutes.

So, James spends 60 minutes reading 18 pages. The answer is 60.",Yes,beginner,allenai/OLMo-2-0425-1B-Instruct,1.0,gsm8k_test_1018,,60,60.,True,True,534,No,False,-99.5,161,-0.6180124223602484,60
"It takes James 10 minutes to read 3 pages of his book before he goes to bed. He reads 18 pages of his book and then decides to go to sleep. How long does James spend reading, in minutes?",First find out how many sets of 3 pages are in 18 pages. Divide 18 by 3 to get 6. Then multiply the number of sets by the time it takes to read one set to find the total time spent reading. 6 sets times 10 minutes per set equals 60 minutes. The answer is 60.,Yes,normal,allenai/OLMo-2-0425-1B-Instruct,0.7,gsm8k_test_1018,,60,60.,True,True,258,No,False,-49.0,75,-0.6533333333333333,60
"It takes James 10 minutes to read 3 pages of his book before he goes to bed. He reads 18 pages of his book and then decides to go to sleep. How long does James spend reading, in minutes?",First find how many sets of 3 pages are in 18 pages. Divide 18 by 3 to get 6. Then multiply the number of sets by the time it takes to read each set to find the total time spent reading. 6 sets times 10 minutes per set equals 60 minutes. The answer is 60.,Yes,normal,allenai/OLMo-2-0425-1B-Instruct,0.7,gsm8k_test_1018,,60,60.,True,True,255,No,False,-50.5,74,-0.6824324324324325,60
"It takes James 10 minutes to read 3 pages of his book before he goes to bed. He reads 18 pages of his book and then decides to go to sleep. How long does James spend reading, in minutes?",First find out how many minutes it takes James to read one page. He reads 3 pages in 10 minutes so he reads 1 page in 10 / 3 minutes. Now James reads 18 pages his reading time will be (10 / 3) * 18 minutes. Performing the multiplication we get 60 minutes. The answer is 60.,Yes,normal,allenai/OLMo-2-0425-1B-Instruct,1.0,gsm8k_test_1018,,60,60.,True,True,273,No,False,-88.0,81,-1.0864197530864197,60
"It takes James 10 minutes to read 3 pages of his book before he goes to bed. He reads 18 pages of his book and then decides to go to sleep. How long does James spend reading, in minutes?","Let's denote the time it takes James to read 1 page as \(x\) minutes. From the information given, we know that James can read 3 pages in 10 minutes. Thus,
\[ 3 \text{ pages} = 10 \text{ minutes} \]
So,
\[ x = \frac{10}{3} \text{ minutes per page} \]

Now, James reads 18 pages, so he spends:
\[ 18 \text{ pages} \times x \text{ minutes per page} = 18 \times \frac{10}{3} = 60 \text{ minutes} \]

The answer is 60.",Yes,unusual,allenai/OLMo-2-0425-1B-Instruct,1.0,gsm8k_test_1018,,60,60.,True,True,413,No,False,-132.0,150,-0.88,60
"It takes James 10 minutes to read 3 pages of his book before he goes to bed. He reads 18 pages of his book and then decides to go to sleep. How long does James spend reading, in minutes?","Let's reframe their problem by eliminating the details costlessly and shifting back to our original variable: assume James reads in segment form, rather than items, bundles of pages per interval. Specifically, if it takes him 10 minutes to read 3 pages, his reading speed (in minutes per page) can be deduced. We can establish a ratio:

For 3 pages, the reading time takes 10 minutes.
Let's denote the time it takes to read one page as \( t \) minutes.

Thus our ratio becomes:
\[ 10 \text{ minutes for 3 pages} = 10 / 3 \text{ minutes per page} \]

Isolate \( t \):
\[ t = \frac{10}{3} \text{ minutes per page} \]

If he reads 18 pages, we substitute back into our derived formula:
\[ \text{Total reading time} = 18 \text{ pages} \times \frac{10}{3} \text{ minutes per page} \]

Now compute. First note that:
\[ 18 \times \frac{10}{3} = \frac{180}{3} = 60 \text{ minutes} \]

The answer is 60. 

The answer is 60.",Yes,unusual,allenai/OLMo-2-0425-1B-Instruct,1.2,gsm8k_test_1018,,60,60.,True,True,914,No,False,-482.0,282,-1.7092198581560283,60
"It takes James 10 minutes to read 3 pages of his book before he goes to bed. He reads 18 pages of his book and then decides to go to sleep. How long does James spend reading, in minutes?","The rate at which James reads is 3 pages / 10 minutes. To find out how long it will take him to read 18 pages, we first determine his reading rate as a fraction of pages per minute, which is \( \frac{3}{10} \) pages/minute.

To read 18 pages, using his rate \( \frac{3}{10} \), we set up the calculation as follows:

\[ \text{Total time} = \frac{\text{Total pages}}{\text{Reading rate}} = \frac{18}{\frac{3}{10}} = 18 \times \frac{10}{3} = 60 \text{ minutes} \]

The answer is 60 minutes.

The answer is 60.",Yes,unusual,allenai/OLMo-2-0425-1B-Instruct,1.2,gsm8k_test_1018,,60,60.,True,True,507,No,False,-175.0,170,-1.0294117647058822,60
"It takes James 10 minutes to read 3 pages of his book before he goes to bed. He reads 18 pages of his book and then decides to go to sleep. How long does James spend reading, in minutes?","I need to find out how long James spent reading his book.

Step 1: I need to know how long it takes James to read one page. If it takes him 10 minutes to read 3 pages, I can divide the time by the number of pages to find out how long it takes to read one page.

10 minutes to read 3 pages, so I will divide 10 by 3. 
10 ÷ 3 = 3.33 (I used my calculator to divide 10 by 3)

So it takes James 3.33 minutes to read one page.

Step 2: Now I know how long it takes James to read one page, I need to find out how long it takes him to read 18 pages.

If it takes him 3.33 minutes to read one page, I will multiply 3.33 minutes by 18 pages to find out how long it takes to read 18 pages.

3.33 minutes per page × 18 pages = 60 minutes

Wait, that's a whole number! I was worried I would have to do more math. I don't think I need to do anything else, but I want to double-check to make sure my math is right.

Step 3: Let me check my math again, but this time, I will multiply 3.33 minutes by 18 by using an equation.

3.33 minutes per page × 18 pages = 3.33 × 18 = ?

To multiply 3.33 by 18, I will multiply 3 by 18, and then multiply 0.33 by 18.

3 × 18 = 54
0.33 × 18 = 5.94

Now I will add 54 and 5.94 to find the total amount of time.

54 + 5.94 = 59.94

It looks like my math is right, and James spent 59.94 minutes reading. But I wrote down my answer as 60 minutes in the previous step, and that's what the question asked for, so I'm going to leave my answer the same. 

The answer is 60.",Yes,beginner,meta-llama/Llama-3.1-8B-Instruct,1.0,gsm8k_test_1018,,60,60.,True,True,1487,No,False,-472.0,503,-0.9383697813121272,60
"It takes James 10 minutes to read 3 pages of his book before he goes to bed. He reads 18 pages of his book and then decides to go to sleep. How long does James spend reading, in minutes?","To find out how long James spends reading, we need to figure out how many minutes it takes him to read one page. 

First, let's write down how many pages he reads and how many minutes it takes him to read those pages. 

It takes James 10 minutes to read 3 pages. 

Now, I'll try to figure out how many minutes it takes James to read one page. If I divide 10 minutes by 3 pages, that will give me the answer. 

I'm going to divide 10 minutes by 3. 
10 minutes ÷ 3 pages = 3.33... 
When I divide 10 by 3, it's a little over 3. This means it takes James a little more than 3 minutes to read one page. Let's call this 3.33 minutes per page. We will come back to it later.

Now, let's think about how many pages James reads in total. It says in the problem that he reads 18 pages.

I'm going to use 3.33 minutes per page to find the total number of minutes he reads. If it takes him 3.33 minutes to read one page, then to read 18 pages, I'll multiply 3.33 by 18.

3.33 minutes * 18 pages = ?

I'm going to multiply 3.33 by 10 and then multiply the result by 1.8.

First, let's multiply 3.33 by 10.
3.33 * 10 = 33.3

Then, we multiply 33.3 by 1.8.
33.3 * 1.8 = 59.94 

That means it takes James 59.94 minutes to read 18 pages of his book. The answer is 60.",Yes,beginner,meta-llama/Llama-3.1-8B-Instruct,1.2,gsm8k_test_1018,,60,60.,True,True,1250,No,False,-398.0,426,-0.9342723004694836,60
"It takes James 10 minutes to read 3 pages of his book before he goes to bed. He reads 18 pages of his book and then decides to go to sleep. How long does James spend reading, in minutes?","Okay, let me read this problem again, so I know what to do.

The problem is asking me how long it takes James to read 18 pages of his book. 

The problem tells us that it takes James 10 minutes to read 3 pages of his book.

I'm going to make a list, so I can keep track of how many pages James reads and how long it takes him. 

Step 1: I will make a list of how many pages James reads and how long it takes him for 3 pages.
It takes James 10 minutes to read 3 pages of his book.

Step 2: Now, I need to find out how long it takes James to read 1 page of his book.
To do that, I need to know how long it takes James to read 3 pages, and then divide it by 3, because I just want to know how long it takes him to read 1 page.

10 minutes to read 3 pages, divided by 3 pages = 10 minutes / 3 = 3.33 minutes to read 1 page. (I'm rounding the seconds down to whole numbers and hundredths for this example; more precision is also an option)

Step 3: I now know that it takes James 3.33 minutes to read 1 page of his book. 
Next, I want to know how long it takes James to read 18 pages of his book. I will multiply the number of pages (18) by how long it takes him to read 1 page (3.33 minutes).

How long it takes to read 18 pages = 18 * 3.33 minutes
Let me try multiplying 18 by 3.33 again, so I can be sure I get it right. 

18 * 3 = 54, then multiply 54 by .33 (since .33 means three tenths)
Multiply 54 * 30 = 1620, because .33 is equal to 30/100, (hundredths form)

So, 54 + 1620 = 1674 or just 
18 * 3.33 = 60

Step 4: Now that I know it takes James 60 minutes to read 18 pages of his book, I have my answer.

The answer is 60.",Yes,beginner,meta-llama/Llama-3.1-8B-Instruct,1.2,gsm8k_test_1018,,60,60.,True,True,1627,No,False,-612.0,531,-1.152542372881356,60
"It takes James 10 minutes to read 3 pages of his book before he goes to bed. He reads 18 pages of his book and then decides to go to sleep. How long does James spend reading, in minutes?","To find out how long James spends reading, we need to determine how many groups of 3 pages he reads and multiply that by the time it takes him to read each group.

James reads 18 pages and we know that he reads 3 pages at a time. So, we need to divide 18 pages by 3 pages to find the number of groups he reads.

18 ÷ 3 = 6

This means James reads 6 groups of 3 pages.

Now, we know it takes James 10 minutes to read each group of 3 pages. To find the total time, we multiply the number of groups by the time it takes to read each group.

6 * 10 = 60

So, James spends 60 minutes reading his book.

The answer is 60.",Yes,normal,meta-llama/Llama-3.1-8B-Instruct,0.7,gsm8k_test_1018,,60,60.,True,True,615,No,False,-134.0,175,-0.7657142857142857,60
"It takes James 10 minutes to read 3 pages of his book before he goes to bed. He reads 18 pages of his book and then decides to go to sleep. How long does James spend reading, in minutes?","To find out how long James spends reading, we need to first determine how long it takes him to read one page. Then we can multiply that by the total number of pages he reads before going to sleep. 

Step 1: Find out how long it takes James to read one page.
Time taken to read 3 pages = 10 minutes
Time taken to read 1 page = 10 minutes / 3 pages = 3.33 minutes (for 1 page)

Step 2: Multiply the time taken to read one page by the total number of pages he reads before going to sleep.
Number of pages read = 18 pages
Time taken to read 18 pages = 3.33 minutes per page * 18 pages = 60 minutes

The answer is 60.",Yes,normal,meta-llama/Llama-3.1-8B-Instruct,1.2,gsm8k_test_1018,,60,60.,True,True,612,No,False,-132.0,175,-0.7542857142857143,60
"It takes James 10 minutes to read 3 pages of his book before he goes to bed. He reads 18 pages of his book and then decides to go to sleep. How long does James spend reading, in minutes?","Let's break down the problem step by step.

Step 1: First, we need to find out how many minutes it takes James to read 1 page. We can do this by dividing the total number of minutes by the total number of pages he reads before he goes to bed. In this case, James takes 10 minutes to read 3 pages. So, to find out how many minutes it takes to read 1 page, we divide 10 by 3.

10 / 3 = 3.33333333 

Since 10 minutes is not evenly divisible by 3, we leave the result in fraction form as 10/3. Then in minutes for one page 10/3 gives a time for reading 1 page. Now, we multiply the fraction by 18 to get the total time for reading 18 pages, then we convert the result to minutes.
10 / 3 * 18 = 10*18/3 = 60 minutes",Yes,normal,meta-llama/Llama-3.1-8B-Instruct,1.2,gsm8k_test_1018,,,60,False,True,710,No,False,-322.0,222,-1.4504504504504505,60
"It takes James 10 minutes to read 3 pages of his book before he goes to bed. He reads 18 pages of his book and then decides to go to sleep. How long does James spend reading, in minutes?","Let's consider the time James spends reading per page. If 3 pages take 10 minutes, then we can express this as a ratio of pages to minutes. However, instead of directly calculating the minutes per page, let's use a variable.

Let 'x' be the number of minutes it takes James to read 1 page. We know that 3 pages take 10 minutes, so we can write the equation:

3x = 10

To find the number of minutes James spends reading, we need to know how many pages he read. He reads 18 pages. 

Now, let's relate the number of minutes it takes to read 1 page to the total time James spends reading. If 'x' is the time to read 1 page, then 18 pages would take 18x minutes.

We can solve for 'x' using the initial equation 3x = 10. Dividing both sides by 3 gives us:

x = 10/3

Now that we know 'x', we can substitute it into the expression for the total time James spends reading: 18x.

18x = 18 * (10/3)

To simplify the expression, we multiply 18 by 10 and then divide by 3.

18 * 10 = 180
180 / 3 = 60

Therefore, James spends 60 minutes reading.

The answer is 60.",Yes,unusual,meta-llama/Llama-3.1-8B-Instruct,0.7,gsm8k_test_1018,,60,60.,True,True,1053,No,False,-292.0,324,-0.9012345679012346,60
"It takes James 10 minutes to read 3 pages of his book before he goes to bed. He reads 18 pages of his book and then decides to go to sleep. How long does James spend reading, in minutes?","Let's introduce a variable to represent the time it takes James to read one page. Let's call this variable ""x"". 

Since James reads 3 pages in 10 minutes, we can write the equation:

3x = 10

However, we're not interested in the time it takes to read one page. We want to find the total time James spends reading 18 pages. 

But instead of directly calculating the time for 18 pages, let's first calculate the time it takes James to read half of the book (9 pages) and then double it to find the time for the whole book (18 pages).

We know that it takes James 10 minutes to read 3 pages. If we want to find the time for 6 pages (twice as many pages), we can use the same ratio of time to pages. 

So, if 3 pages take 10 minutes, then 6 pages will take 20 minutes (since we're doubling both the number of pages and the time). Now, we can find the time it takes James to read 9 pages by using the same ratio again. 

Since 6 pages take 20 minutes, we can multiply both the number of pages and the time by 1.5 (since 9 is 1.5 times 6). 

9 pages will take 1.5 * 20 = 30 minutes.

Finally, since we want to find the time for 18 pages, we can multiply the time for 9 pages by 2 (since 18 is twice 9).

18 pages will take 2 * 30 = 60 minutes.

The answer is 60.",Yes,unusual,meta-llama/Llama-3.1-8B-Instruct,0.7,gsm8k_test_1018,,60,60.,True,True,1256,No,False,-318.0,370,-0.8594594594594595,60
"It takes James 10 minutes to read 3 pages of his book before he goes to bed. He reads 18 pages of his book and then decides to go to sleep. How long does James spend reading, in minutes?","Let's consider James' reading speed in terms of pages per minute. If he reads 3 pages in 10 minutes, we can calculate his reading speed as 3 pages divided by 10 minutes, which is (3/10) pages per minute.

Now, let's denote James' reading time as 't' minutes. During this time, James would read 't' minutes multiplied by his reading speed, which is (3/10)t pages. Since James reads 18 pages in total, we can set up the following equation:

(3/10)t = 18

To solve for 't', we can multiply both sides of the equation by 10/3. This gives us:

t = 18 * (10/3)
t = 18 * (10/3) 
= 60 minutes",Yes,unusual,meta-llama/Llama-3.1-8B-Instruct,1.0,gsm8k_test_1018,,,60,False,True,584,No,False,-155.0,190,-0.8157894736842105,60
"It takes James 10 minutes to read 3 pages of his book before he goes to bed. He reads 18 pages of his book and then decides to go to sleep. How long does James spend reading, in minutes?","To solve this problem, we need to determine the time James spends reading per page and then multiply that by the total number of pages he reads.

Step 1: Calculate the time per page
James reads 3 pages in 10 minutes, so the time taken for one page is:
10 minutes / 3 pages = 3.33 minutes per page

Step 2: Calculate the total time spent reading 18 pages
Now that we know the time per page, we can find out how long James spends reading 18 pages:
3.33 minutes per page * 18 pages = 59.94 minutes

Since we can't have a fraction of a minute in this context, we round up to the nearest whole minute, which is 60 minutes.

The answer is 60 minutes.",Yes,normal,microsoft/Phi-3-mini-4k-instruct,0.7,gsm8k_test_1018,,,60,False,True,644,No,False,-144.0,178,-0.8089887640449438,60
"It takes James 10 minutes to read 3 pages of his book before he goes to bed. He reads 18 pages of his book and then decides to go to sleep. How long does James spend reading, in minutes?","To find out how long James spends reading, we first need to find out how much time he reads each page and then multiply it by the total number of pages he has read.

He reads 3 pages in 10 minutes, so the time taken to read one page is:
10 minutes / 3 pages = 3.33 minutes/page (approximately)

He reads 18 pages, so the total time spent reading is:
18 pages * 3.33 minutes/page = 59.94 minutes (approximately)

Rounding it to the nearest whole number, the answer is 60. 

The answer is 60.",Yes,normal,microsoft/Phi-3-mini-4k-instruct,1.0,gsm8k_test_1018,,60,60.,True,True,490,No,False,-157.0,143,-1.097902097902098,60
"It takes James 10 minutes to read 3 pages of his book before he goes to bed. He reads 18 pages of his book and then decides to go to sleep. How long does James spend reading, in minutes?","Let's recall the information given in the problem.

1. James can read 3 pages in 10 minutes.
2. He reads a total of 18 pages before going to bed.

Now, let's perform the calculation required to solve the problem:

We know that James reads 3 pages in 10 minutes, so he reads 1 page in 10/3 minutes.

Next, let's find out how many minutes it takes to read all the 18 pages he ends up reading.

He spends (18 pages * 10/3 minutes per page) for this, which equals 60 minutes, or one hour.

Therefore, James spends a total of 60 minutes reading before he goes to bed. The answer is 60.",Yes,normal,microsoft/Phi-3-mini-4k-instruct,1.2,gsm8k_test_1018,,60,60.,True,True,580,No,False,-207.0,170,-1.2176470588235293,60
"It takes James 10 minutes to read 3 pages of his book before he goes to bed. He reads 18 pages of his book and then decides to go to sleep. How long does James spend reading, in minutes?","Let's define the variable \( t \) as the total time James spends reading in minutes. We know that James reads at a constant rate because his reading pace is not mentioned to change.


First, we'll figure out James's reading rate in pages per minute. He reads 3 pages in 10 minutes, so his rate is \( \frac{3 \text{ pages}}{10 \text{ minutes}} = \frac{3}{10} \text{ pages per minute} \).


Now, we want to know how long he spends reading 18 pages at this rate. If \( t \) is the total time spent reading, we can set up the following equation:


\( t \times \frac{3}{10} = 18 \text{ pages} \)


Solving for \( t \), we multiply both sides by the reciprocal of \( \frac{3}{10} \), which is \( \frac{10}{3} \):


\( t = 18 \times \frac{10}{3} \)


\( t = 60 \text{ minutes} \)


The answer is 60.",Yes,unusual,microsoft/Phi-3-mini-4k-instruct,0.7,gsm8k_test_1018,,60,60.,True,True,792,No,False,-199.0,251,-0.7928286852589641,60
"It takes James 10 minutes to read 3 pages of his book before he goes to bed. He reads 18 pages of his book and then decides to go to sleep. How long does James spend reading, in minutes?","Let x represent the total time James spends reading. Since James reads 3 pages in 10 minutes, he reads 1 page in 10/3 minutes. He reads a total of 18 pages, so we can set up the equation:


18 * (10/3) = x


Now, simplifying this, we get:


60 = x


The answer is 60.",Yes,unusual,microsoft/Phi-3-mini-4k-instruct,0.7,gsm8k_test_1018,,60,60.,True,True,267,No,False,-80.5,87,-0.9252873563218391,60
"It takes James 10 minutes to read 3 pages of his book before he goes to bed. He reads 18 pages of his book and then decides to go to sleep. How long does James spend reading, in minutes?","If reading speed remains the same, we can differentiate this problem in terms of 'read-time per page'. James reads 3 pages in 10 minutes, so the 'read-time per page' is 10 minutes / 3 pages, or approximately 3.33 minutes/page. Since James reads 18 pages, the total 'read-time' can be calculated by multiplying the 'read-time per page' with the total pages read (18 pages * 3.33 minutes/page), which equals approximately 59.94 minutes. By rounding up to next full minute, which also makes sense in the context of the duration he spends reading, 60 minutes. The answer is 60.",Yes,unusual,microsoft/Phi-3-mini-4k-instruct,1.0,gsm8k_test_1018,,60,60.,True,True,573,No,False,-231.0,155,-1.4903225806451612,60
"It takes James 10 minutes to read 3 pages of his book before he goes to bed. He reads 18 pages of his book and then decides to go to sleep. How long does James spend reading, in minutes?","Alright, let's think through this problem step by step.

First, we know that James takes 10 minutes to read 3 pages of his book. So, we can figure out how many minutes it takes him to read one page by dividing the total time by the number of pages he reads.

Time per page = Total time / Number of pages
Time per page = 10 minutes / 3 pages = (10 ÷ 3) minutes

Now, we know that James reads 18 pages. So, we can find out how long it takes him to read all 18 pages by multiplying the time it takes him to read one page by the number of pages he reads.

Total time = Time per page * Number of pages
Total time = (10 ÷ 3) minutes * 18 pages = (10 * 18) / 3 minutes

Let's check our multiplication again to make sure it's correct:

Total time = (10 * 18) / 3 = 180 / 3 = 60 minutes

So, James spends 60 minutes reading his book before going to sleep.

The answer is 60 minutes.",Yes,beginner,mistralai/Mistral-7B-Instruct-v0.3,0.7,gsm8k_test_1018,,,60,False,True,873,No,False,-210.0,257,-0.8171206225680934,60
"It takes James 10 minutes to read 3 pages of his book before he goes to bed. He reads 18 pages of his book and then decides to go to sleep. How long does James spend reading, in minutes?","Alright, let me figure this out. First, I know that it takes James 10 minutes to read 3 pages. That's called the rate at which he reads.

Now, James reads 18 pages. But we don't know yet how long it takes him to read those 18 pages because we know his rate from just 3 pages.

So, I need to find out how many times the rate of 3 pages per 10 minutes fits into the total number of pages James read, which is 18.

To do that, I divide the total number of pages by the number of pages he reads in 10 minutes.

Let me write that down:

18 pages / 3 pages for 10 minutes

Now, it looks like I need to divide 18 by 3. I can use the division symbol to show this:

18 ÷ 3

Let me see what happens when I do that.

Uh-oh, I don't know if I'm allowed to do division on this calculator yet, but I'm pretty sure it belongs to my teacher. I'll ask her next time I see her.

In the meantime, let me try to find another way to solve this. Instead of thinking in terms of divisors, I can think of this as how many sets of 3 pages James can read.

If 10 minutes can give him 3 pages, then I can count how many sets of 3 pages fit into the 18 pages he read.

To do that, I divide the total number of pages by the number of pages in each set. That means I divide 18 by 3.

Let's see what happens: 18 ÷ 3 = 6

It seems like I can read 6 sets of 3 pages. That's also called the quotient.

To figure out how long each set takes, I know that one set of 3 pages takes 10 minutes, so:

6 sets of 3 pages * 10 minutes per set = 60 minutes

That means if James reads 18 pages, it would take him 60 minutes to read them all!

Now, let me write the final answer: The answer is 60 minutes.

It was a bit tricky, but I spent some time thinking and figuring out different ways to approach the problem. I hope I showed my thinking so that it's clear how I got the answer!",Yes,beginner,mistralai/Mistral-7B-Instruct-v0.3,1.0,gsm8k_test_1018,no_answer_found,,60,False,True,1838,No,False,-700.0,526,-1.3307984790874525,60
"It takes James 10 minutes to read 3 pages of his book before he goes to bed. He reads 18 pages of his book and then decides to go to sleep. How long does James spend reading, in minutes?","Alright, let's try to solve this problem step by step.

1. First, we know that it takes James 10 minutes to read 3 pages of his book. So, to find out how long it takes him to read one page, we need to divide the total time by the number of pages he read. That means we do this:

Time per page = Total time / Number of pages
= 10 minutes / 3 pages
= about 3.33 minutes (I'm rounding up since we're learning)

2. Next, James reads 18 pages of his book. To find out how long it takes him to read all those pages, we need to multiply the time it takes to read one page by the number of pages he reads.

Total time = Time per page * Number of pages
= 3.33 minutes/page * 18 pages
= about 60 minutes

3. So far, we have the answer, but I like to double-check my work. Let's compare our answer to another way of solving the problem:

4. In this second way, we add up the number of parts and then multiply by the size of each part to get the whole. In this case, the parts are the 10-minute reading sessions, and James has 18 such parts (since he reads 18 pages). So, the total time should be:

Total time = Number of reading sessions * Time per reading session
= 18 * 10 minutes/reading session
= about 60 minutes (which matches our previous answer)

5. And finally, we state our answer:

The answer is around 60 minutes.",Yes,beginner,mistralai/Mistral-7B-Instruct-v0.3,1.0,gsm8k_test_1018,,,60,False,True,1314,No,False,-456.0,364,-1.2527472527472527,60
"It takes James 10 minutes to read 3 pages of his book before he goes to bed. He reads 18 pages of his book and then decides to go to sleep. How long does James spend reading, in minutes?","Let's solve this problem step by step:

1. First, find out how long it takes James to read 1 page of his book. In 10 minutes, he reads 3 pages, so it takes him:
   Time per page = Total time / Number of pages read for 10 minutes
   Time per page = 10 minutes / 3 pages
   Time per page = 3.33 minutes (approximately, as we can't have a decimal number of pages)

2. James reads 18 pages in total. To find out how long it takes him to read all 18 pages, multiply the time per page by the total number of pages read:
   Time = Time per page * Total number of pages read
   Time = 3.33 minutes * 18 pages
   Time = 59.94 minutes (approximately)

3. However, since James can't read a fraction of a minute, we round up to the nearest minute. In this case, that would be:
   Time = 60 minutes

So, James spends 60 minutes reading his book. The answer is 60.",Yes,normal,mistralai/Mistral-7B-Instruct-v0.3,1.0,gsm8k_test_1018,,60,60.,True,True,850,No,False,-243.0,251,-0.9681274900398407,60
"It takes James 10 minutes to read 3 pages of his book before he goes to bed. He reads 18 pages of his book and then decides to go to sleep. How long does James spend reading, in minutes?","Let's break down this problem step by step:

1. We know that James can read 3 pages in 10 minutes. We can say this as a rate:
   Rate = Pages per Minute (ppm) = Pages / Minutes = 3 pages / 10 minutes = 0.3 pages per minute (ppm)

2. Next, we know that James reads 18 pages in total before going to sleep. To find out how long it takes for him to read all 18 pages, we can set up an equation using the rate we calculated:
   Time (minutes) = Total pages / Rate (ppm)
   Time (minutes) = 18 pages / 0.3 ppm
   Time (minutes) = 60 minutes (since 18 divided by 0.3 equals 60 with no remainder)

The answer is 60 minutes.",Yes,normal,mistralai/Mistral-7B-Instruct-v0.3,1.0,gsm8k_test_1018,,,60,False,True,616,No,False,-202.0,191,-1.057591623036649,60
"It takes James 10 minutes to read 3 pages of his book before he goes to bed. He reads 18 pages of his book and then decides to go to sleep. How long does James spend reading, in minutes?","Step 1: Find out how many 3-page intervals are in the total number of pages that James reads.
   Number of 3-page intervals = Total pages / Pages per interval = 18 / 3 = 6

Step 2: Since each 3-page interval takes 10 minutes, the time it takes to read all pages can be calculated by multiplying the number of intervals by the time per interval.
   Total time = Number of intervals * Time per interval = 6 * 10 = 60 minutes.

The answer is 60.",Yes,normal,mistralai/Mistral-7B-Instruct-v0.3,1.0,gsm8k_test_1018,,60,60.,True,True,442,No,False,-109.5,124,-0.8830645161290323,60
"It takes James 10 minutes to read 3 pages of his book before he goes to bed. He reads 18 pages of his book and then decides to go to sleep. How long does James spend reading, in minutes?","To solve this problem in an unconventional way, let's trace the number of pages James reads rather than directly calculating the time. Remember that it takes James 10 minutes to read 3 pages, and he reads 18 pages before going to sleep.

If we let x be the number of minutes Jim takes to read one page, we can set up the following equation:

3x = 10 (since he reads 3 pages in 10 minutes)

Now, we know that James reads 18 pages, so we can set up another equation for the total time:

18x = total time in minutes

We can find the total time by using the equation from the initial reading speed. Solving for x in our first equation gives x = (10 / 3).

Substituting x = (10 / 3) into the second equation, we get:

18 * (10 / 3) = total time in minutes

Solving this equation, we find that the time in minutes that James spends reading is 60 minutes.

The answer is 60 minutes.",Yes,unusual,mistralai/Mistral-7B-Instruct-v0.3,1.0,gsm8k_test_1018,,,60,False,True,875,No,False,-300.0,232,-1.293103448275862,60
"It takes James 10 minutes to read 3 pages of his book before he goes to bed. He reads 18 pages of his book and then decides to go to sleep. How long does James spend reading, in minutes?","This problem can be solved by understanding the rate at which James reads and then determining how many 3-page intervals he reads. Let's denote the time James spends reading one 3-page interval as 't.'

Given that James reads 18 pages in total, we can calculate the number of 3-page intervals he reads as follows:

18 pages / 3 pages per interval = 6 intervals

Since it takes James 10 minutes to read one 3-page interval, the total time he spends reading can be calculated as:

Total time = 6 intervals * 10 minutes per interval = 60 minutes

The answer is 60. However, to fit the formatting, we can say:

The number of minutes James spends reading is 60.",Yes,unusual,mistralai/Mistral-7B-Instruct-v0.3,1.0,gsm8k_test_1018,,60,60.,True,True,656,No,False,-191.0,167,-1.1437125748502994,60
"It takes James 10 minutes to read 3 pages of his book before he goes to bed. He reads 18 pages of his book and then decides to go to sleep. How long does James spend reading, in minutes?","Let's denote the number of pages James reads per minute as the rate `r`. The total number of pages he reads is 18. Since he reads 3 pages in 10 minutes initially, we can form an proportion:

3 pages / 10 minutes = x pages / total_minutes (where x is the number of pages he reads per minute)The total_minutes can be found by dividing the total pages (18) by the rate at which he is reading `r`:

total_minutes = 18 pages / r pages per minute

Now, let's rearrange our initial proportion to isolate x:

x = (3 * r) / 10

The crucial step now is to realize we are looking for the total time taken to read those 18 pages. So, we know that this time equals the total_minutes we found earlier:

total_minutes = 18 pages / x

Substitute the expression for x from earlier to convert it into an expression with only one variable:

total_minutes = 18 pages / (3 * r / 10)

Solving for total_minutes gives us the equation:

total_minutes = (10 * 18) / 3 (because x) cancels out.

Simplify the equation:

total_minutes = 60 (rounded value as Time is measured in complete minutes)

To get the answer in terms of minutes:

The answer is 60 minutes.",Yes,unusual,mistralai/Mistral-7B-Instruct-v0.3,1.2,gsm8k_test_1018,,,60,False,True,1134,No,False,-486.0,310,-1.5677419354838709,60
"It takes James 10 minutes to read 3 pages of his book before he goes to bed. He reads 18 pages of his book and then decides to go to sleep. How long does James spend reading, in minutes?","First, let's figure out how long it takes James to read one page. 
Since he reads 3 pages in 10 minutes, we divide 10 minutes by 3 pages to find out how many minutes it takes to read one page. That's 10 / 3 = 3.33 minutes per page.

Now, James reads 18 pages. 
To find out how long it takes him to read 18 pages, we multiply the number of pages by the time it takes to read one page. So, 18 pages * 3.33 minutes per page = 58 minutes.

The answer is 58.",No,beginner,allenai/OLMo-2-0425-1B-Instruct,1.0,gsm8k_test_1018,"expected=60, got=58",58,58.,False,False,453,No,False,-113.0,145,-0.7793103448275862,60
"It takes James 10 minutes to read 3 pages of his book before he goes to bed. He reads 18 pages of his book and then decides to go to sleep. How long does James spend reading, in minutes?","First, let's think about how long it takes James to read 1 page. Since it takes him 10 minutes to read 3 pages, we divide 10 by 3 to figure out how long it takes to read 1 page.

10 minutes / 3 pages = 3.33 minutes per page (we can leave it as a fraction or a decimal, but for simplicity, let's use 3.33 minutes per page)

Now, James reads 18 pages. To find out how long he spends reading all 18 pages, we multiply the number of pages by the time it takes to read each page:

18 pages * 3.33 minutes per page = 62 minutes

So, James spends 62 minutes reading.

The answer is 62.",No,beginner,allenai/OLMo-2-0425-1B-Instruct,1.0,gsm8k_test_1018,"expected=60, got=62",62,62.,False,False,578,No,False,-163.0,176,-0.9261363636363636,60
"It takes James 10 minutes to read 3 pages of his book before he goes to bed. He reads 18 pages of his book and then decides to go to sleep. How long does James spend reading, in minutes?","First, I think about how long it takes James to read 3 pages. Since he takes 10 minutes for 3 pages, then to find out how long it takes him to read just 1 page, I divide 10 by 3. That gives me 10 / 3 = 3.33 minutes per page (I'll round it to a decimal for simplicity in calculations though it's not usual to express time adding up so precisely here for kids, but let's keep exact maths for practice).

Next, I need to figure out how long it will take him to read 18 pages. If it takes him 3.33 minutes per page, then the total time spent reading 18 pages is 18 * 3.33 = 61 minutes.

The answer is 61.",No,beginner,allenai/OLMo-2-0425-1B-Instruct,1.0,gsm8k_test_1018,"expected=60, got=61",61,61.,False,False,600,No,False,-284.0,179,-1.5865921787709498,60
"It takes James 10 minutes to read 3 pages of his book before he goes to bed. He reads 18 pages of his book and then decides to go to sleep. How long does James spend reading, in minutes?",First determine how long it takes James to read 1 page. He reads 3 pages in 10 minutes so the time taken per page is 10 / 3 minutes per page. Now calculate how long it takes him to read 18 pages by multiplying the time per page by 18. This gives 10 / 3 * 18 minutes. Calculate this to get the exact time taken by James to read 18 pages. The answer is 30 minutes. The answer is 30.,No,normal,allenai/OLMo-2-0425-1B-Instruct,1.0,gsm8k_test_1018,"expected=60, got=30",30,30.,False,False,380,No,False,-133.0,110,-1.209090909090909,60
"It takes James 10 minutes to read 3 pages of his book before he goes to bed. He reads 18 pages of his book and then decides to go to sleep. How long does James spend reading, in minutes?",First find how long it takes James to read one page. He reads 3 pages in 10 minutes so he reads 1 page in 10 / 3 minutes. He reads 18 pages so the time he spends reading is (10 / 3) * 18 minutes. Simplify the expression to get the final answer. The answer is 30.,No,normal,allenai/OLMo-2-0425-1B-Instruct,1.0,gsm8k_test_1018,"expected=60, got=30",30,30.,False,False,262,No,False,-78.5,79,-0.9936708860759493,60
"It takes James 10 minutes to read 3 pages of his book before he goes to bed. He reads 18 pages of his book and then decides to go to sleep. How long does James spend reading, in minutes?","To find out how long James spends reading we first compute how long it takes for him to read each set of pages. He reads 3 pages in 10 minutes so that means he reads 1 page in 10 / 3 minutes. Now he reads 18 pages more so we multiply the time to read 1 page by 18 to find out how long it takes to read 18 pages. The calculation is (10 / 3) * 18 involving division and multiplication. Let's calculate that.

First divide 10 by 3 to get the time to read 1 page which equals 3.3333333333333335 minutes per page.

Next multiply that by 18 pages to get the total time James spends reading 18 pages. 3.3333333333333335 * 18 = 61 minutes.

The answer is 61.",No,normal,allenai/OLMo-2-0425-1B-Instruct,1.2,gsm8k_test_1018,"expected=60, got=61",61,61.,False,False,650,No,False,-240.0,214,-1.1214953271028036,60
"It takes James 10 minutes to read 3 pages of his book before he goes to bed. He reads 18 pages of his book and then decides to go to sleep. How long does James spend reading, in minutes?","Let's reframe the problem in terms of reading rate instead of direct time.

If it takes James 10 minutes to read 3 pages, his reading rate is 3 pages / 10 minutes = 0.3 pages per minute.

James reads 18 pages first. To find the time spent reading 18 pages, we use his reading rate:

Time reading 18 pages = Total pages / Reading rate = 18 pages / 0.3 pages per minute = 60 minutes.

However, the question asks for the total time spent reading, which includes the initial 10 minutes followed by the additional 60 minutes. Therefore, James spends a total of:

Initial 10 minutes + 60 minutes = 70 minutes.

The answer is 70.",No,unusual,allenai/OLMo-2-0425-1B-Instruct,1.0,gsm8k_test_1018,"expected=60, got=70",70,70.,False,False,622,No,False,-182.0,174,-1.0459770114942528,60
"It takes James 10 minutes to read 3 pages of his book before he goes to bed. He reads 18 pages of his book and then decides to go to sleep. How long does James spend reading, in minutes?","The problem can be solved by understanding that James's reading speed per minute is 3 pages / 10 minutes = 0.3 pages per minute. After reading 18 pages, we need to determine how long it takes him to finish the remaining pages.

First, calculate the number of pages he has left to read:
18 pages (read so far) - 3 pages (read initially) = 15 pages left.

Next, calculate the time required for him to read the remaining 15 pages:
Time = Total pages left / Pages per minute = 15 pages / 0.3 pages per minute = 50 minutes.

Therefore, James spends an additional 50 minutes reading.

The answer is 50.",No,unusual,allenai/OLMo-2-0425-1B-Instruct,1.0,gsm8k_test_1018,"expected=60, got=50",50,50.,False,False,596,No,False,-183.0,161,-1.1366459627329193,60
"It takes James 10 minutes to read 3 pages of his book before he goes to bed. He reads 18 pages of his book and then decides to go to sleep. How long does James spend reading, in minutes?","Let me think about this problem. 

First, I need to figure out how long it takes James to read one page. If it takes him 10 minutes to read 3 pages, I need to divide 10 minutes by 3 pages.

To do that, I need to use division. Division is like sharing. If I have 10 cookies and I want to put them in bags that have 3 cookies each, how many bags can I make?

To find out, I can divide 10 by 3. But first, let me write it down:

10 ÷ 3 = ?

To solve this, I can try counting up by 3s until I get to 10. 

3, 6, 9, 12. Oh wait, I made a mistake. I counted to 12, but I only need to go to 10. So, I will stop at 9. 

So, 10 ÷ 3 is like 3 groups of 3 with 1 cookie left over. But I don't have any leftover cookies, so I just have 3 groups of 3.

So, 10 ÷ 3 = 3.3 (I know that from my knowledge of math, and that 3 groups of 3 is 3 x 3, but 3 x 3 is 9 and 1 more group of 3 is 3, so 3 + 3 is 6 and 6 + 3 is 9, and 10 is 1 more than 9, so I can add 1 to 3 to get 4, but 3 x 3 is 9 and 9 + 1 is 10 so it is actually 3.33, which is the same as 3 and 1/3, but that is not what I wrote)

Okay, so it takes James 3.33 minutes to read one page. But I need to find out how long it takes him to read 18 pages.

I can multiply 3.33 minutes by 18 pages. To do that, I can multiply 3 by 18 and then add 1/3 of 18.

First, let me multiply 3 by 18.

3 x 18 = ?

To solve this, I can multiply 3 by 10 and then multiply 3 by 8.

3 x 10 = 30
3 x 8 = 24

Now, I need to add 30 and 24.

30 + 24 = 54

So, 3 x 18 = 54. Now, I need to add 1/3 of 18.

1/3 of 18 is like 1 group of 18 and 2 groups of 9. But I don't have any groups of 9, so I can just multiply 1 by 18.

1 x 18 = 18

Now, I need to add 54 and 18.

54 + 18 = 72

But I made another mistake. I forgot to multiply 0.33 by 18. Let me do that.

0.33 x 18 = ?

To solve this, I can multiply 0.3 by 18 and then multiply 0.03 by 18.

0.3 x 18 = 5.4
0.03 x 18 = 0.54

Now, I need to add 5.4 and 0.54.

5.4 + 0.54 = 5.94

Now, I need to add 72 and 5.94.

72 + 5.94 = 77.94

So, it takes James 77.94 minutes to read 18 pages.

The answer is 77.94.",No,beginner,meta-llama/Llama-3.1-8B-Instruct,0.7,gsm8k_test_1018,"expected=60, got=77.94",77.94,77.94.,False,False,2073,No,False,-724.0,874,-0.8283752860411899,60
"It takes James 10 minutes to read 3 pages of his book before he goes to bed. He reads 18 pages of his book and then decides to go to sleep. How long does James spend reading, in minutes?","To find out how long James spent reading, we need to know how long it takes him to read one page, and then multiply it by the number of pages he read.

First, I need to find out how long it takes James to read one page. 
I already know it takes him 10 minutes to read 3 pages. 

Let's think about it this way: if James can read 3 pages in 10 minutes, how many minutes does he take to read 1 page? 

Okay, so if 3 pages take 10 minutes, we can divide 10 minutes by 3 pages to get the number of minutes it takes him to read 1 page. 

10 minutes ÷ 3 pages = 3.33 minutes per page (I used a calculator for this part.)

Now I know it takes him 3.33 minutes to read 1 page. 

Next, I need to multiply this number by the total number of pages James read. 
James read 18 pages. 

Let me calculate it. 
3.33 minutes per page × 18 pages = ?

First, I'll multiply 3 by 18. 
3 × 18 = 54 

Then I'll multiply 0.33 (which is 3.33 ÷ 10) by 18. 
0.33 × 18 = 5.94

Now I need to add 54 and 5.94 together. 
54 + 5.94 = 59.94 

The answer is 59.94",No,beginner,meta-llama/Llama-3.1-8B-Instruct,1.0,gsm8k_test_1018,"expected=60, got=59.94",59,59.94,False,False,1028,No,False,-326.0,361,-0.9030470914127424,60
"It takes James 10 minutes to read 3 pages of his book before he goes to bed. He reads 18 pages of his book and then decides to go to sleep. How long does James spend reading, in minutes?","First, I need to find out how long it takes James to read 1 page of his book. 

To do that, I need to know how many minutes it takes him to read 3 pages of his book, and then I need to divide that number by 3.

It takes James 10 minutes to read 3 pages of his book. 

So, 10 minutes ÷ 3 pages = 10 minutes ÷ 3 = 3.33 (I'm going to write it as 3 and 1/3 now, because that's how I remember it from fractions)

Now, I know it takes James 3 and 1/3 minutes to read 1 page of his book.

To find out how long it takes him to read 18 pages of his book, I need to multiply 3 and 1/3 minutes by 18.

First, I need to multiply 3 by 18, and that's 3 x 18 = 54.

Now, I need to multiply 1/3 by 18. 

I know 18 divided by 3 is 6. 

So, 1/3 x 18 = 1/3 x 6 x 3 = 6 x 1 = 6.

So, 3 and 1/3 multiplied by 18 is 54 + 6 = 60.

Now, I need to add the 10 minutes it took him to read 3 pages to the 60 minutes it took him to read 18 pages.

10 minutes + 60 minutes = 70 minutes.

The answer is 70.",No,beginner,meta-llama/Llama-3.1-8B-Instruct,1.0,gsm8k_test_1018,"expected=60, got=70",70,70.,False,False,975,No,False,-314.0,370,-0.8486486486486486,60
"It takes James 10 minutes to read 3 pages of his book before he goes to bed. He reads 18 pages of his book and then decides to go to sleep. How long does James spend reading, in minutes?","To find out how long James spends reading, we need to determine how many sets of 3 pages he reads and multiply that by the time it takes to read one set. Then we can add the time it takes to read the remaining pages.

First, let's divide the total number of pages James reads by the number of pages in one set. 
18 pages / 3 pages per set = 6 sets

Since it takes James 10 minutes to read one set, we can multiply the number of sets by the time it takes to read one set. 
6 sets * 10 minutes per set = 60 minutes

However, James reads 2 more pages after completing the 6 sets. Since it takes 10 minutes to read 3 pages, we need to find out how long it takes to read 2 pages. 
First, let's find out how much time it takes to read 1 page. 
10 minutes / 3 pages = 3.33 minutes per page

Now, let's multiply the time it takes to read 1 page by the number of pages James reads after the 6 sets. 
3.33 minutes per page * 2 pages = 6.67 minutes

Now, we can add the time it takes to read the 6 sets to the time it takes to read the remaining 2 pages. 
60 minutes + 6.67 minutes = 66.67 minutes

Since we can't have a fraction of a minute in this context, we can round the answer to the nearest whole number. However, given the specific nature of the problem, we can express the time as a decimal to be more precise.

The answer is 66.67.",No,normal,meta-llama/Llama-3.1-8B-Instruct,0.7,gsm8k_test_1018,"expected=60, got=66.67",66.67,66.67.,False,False,1330,No,False,-274.0,375,-0.7306666666666667,60
"It takes James 10 minutes to read 3 pages of his book before he goes to bed. He reads 18 pages of his book and then decides to go to sleep. How long does James spend reading, in minutes?","To find out how long James spends reading, we need to know how many pages he reads per minute and then multiply that rate by the total number of pages he reads.

First, we can find out how many pages James reads per minute. Since it takes him 10 minutes to read 3 pages, we can divide the number of pages by the number of minutes to find his reading rate. 

3 pages / 10 minutes = 0.3 pages per minute

Now we know James reads 0.3 pages per minute. We know James reads a total of 18 pages. We can multiply James' reading rate by the total number of pages to find out how long he reads.

0.3 pages per minute x 18 pages = 5.4 minutes

The answer is 5.4.",No,normal,meta-llama/Llama-3.1-8B-Instruct,1.0,gsm8k_test_1018,"expected=60, got=5.4",5.4,5.4.,False,False,652,No,False,-141.0,172,-0.8197674418604651,60
"It takes James 10 minutes to read 3 pages of his book before he goes to bed. He reads 18 pages of his book and then decides to go to sleep. How long does James spend reading, in minutes?","To find the total time James spent reading, we need to find the rate at which he reads the pages, which is pages per minute, and then multiply this rate by the total number of pages he read.

First, we find the rate at which James reads the pages. We know it takes him 10 minutes to read 3 pages. So the rate at which James reads the pages is 3 pages / 10 minutes = 0.3 pages per minute.

Now that we have the rate, we can multiply this rate by the total number of pages James read. James read 18 pages, so the total time he spent reading is 0.3 pages/minute * 18 pages = 5.4 minutes.

Since we are finding the time in minutes and we can have a fractional number of minutes, we still report this as a decimal to avoid losing information.

The answer is 5.4.",No,normal,meta-llama/Llama-3.1-8B-Instruct,1.2,gsm8k_test_1018,"expected=60, got=5.4",5.4,5.4.,False,False,757,No,False,-230.0,194,-1.1855670103092784,60
"It takes James 10 minutes to read 3 pages of his book before he goes to bed. He reads 18 pages of his book and then decides to go to sleep. How long does James spend reading, in minutes?","Let's define the time James spends reading as 't'. Since James reads 3 pages in 10 minutes, we can determine the rate at which he reads pages per minute.

The rate of reading can be found by dividing the number of pages read by the time taken. 

rate = 3 pages / 10 minutes = 3/10 pages per minute.

Now, let's find out how many minutes James would take to read 18 pages at this rate.

time_to_read_18_pages = total_pages / rate = 18 / (3/10) = 18 * (10/3) = 60 minutes.

However, this is the time taken to read 18 pages, but we also need to consider the initial 10 minutes. Since James read 3 pages in the first 10 minutes, we can add the time taken to read the remaining 15 pages (18 - 3 = 15) to the initial 10 minutes.

time_taken_to_read_remaining_pages = time_to_read_18_pages - time_taken_to_read_initial_3_pages = 60 - 10 = 50 minutes.

So, James spends 50 minutes reading his book.

The answer is 50.",No,unusual,meta-llama/Llama-3.1-8B-Instruct,0.7,gsm8k_test_1018,"expected=60, got=50",50,50.,False,False,909,No,False,-235.0,296,-0.793918918918919,60
"It takes James 10 minutes to read 3 pages of his book before he goes to bed. He reads 18 pages of his book and then decides to go to sleep. How long does James spend reading, in minutes?","Let's define 'r' as the rate at which James reads, in pages per minute. Given that it takes James 10 minutes to read 3 pages, we can write:

3 pages = r * 10 minutes

We can rearrange the equation to solve for the rate:

r = 3 / 10
r = 0.3 pages per minute

However, instead of directly multiplying this rate by the number of pages he reads, let's consider the time it takes to read one page. Since he reads 18 pages, and we know his reading rate is 0.3 pages per minute, we can use this information to calculate the time spent reading:

Time to read 18 pages = Number of pages * Time to read 1 page

Since we know his rate of reading, time to read one page is 1/r. Let's now use this information:

Time to read 18 pages = 18 pages * (1 / r)
Time to read 18 pages = 18 pages * (1 / 0.3 pages per minute)
Time to read 18 pages = 18 * (1 / (3 / 10))
Time to read 18 pages = 18 * 10 / 3
Time to read 18 pages = 18 * 3.33
Time to read 18 pages = 60 minutes

However, we made an error, since that doesn't make sense, given that our initial condition says that James reads 3 pages in 10 minutes.  We were overcomplicating things. 
The pages he reads in the second part of the reading is 15, as we know he reads a total of 18 pages. Let's solve the problem in a simpler way.

James reads 3 pages in 10 minutes. This means, he reads 1 page in 10/3 minutes.

Therefore, for 15 pages, the time taken will be 15*(10/3) minutes.

So, time taken by James to read 15 pages is 50 minutes.
The answer is 50.",No,unusual,meta-llama/Llama-3.1-8B-Instruct,1.0,gsm8k_test_1018,"expected=60, got=50",50,50.,False,False,1491,No,False,-496.0,473,-1.0486257928118394,60
"It takes James 10 minutes to read 3 pages of his book before he goes to bed. He reads 18 pages of his book and then decides to go to sleep. How long does James spend reading, in minutes?","Let's represent the time it takes James to read the book as x. However, to make the problem more interesting, we can denote the number of pages James reads in one minute as y. We know that y pages can be read in one minute.

Now, let's examine James's reading habits: he reads 3 pages in 10 minutes. Since y pages are read in one minute, in 10 minutes he would read 10y pages. We're given that 10y = 3. By solving this equation, we get y = 0.3 pages per minute.",No,unusual,meta-llama/Llama-3.1-8B-Instruct,1.2,gsm8k_test_1018,"expected=60, got=0.3",,0.3,False,False,461,No,False,-158.0,129,-1.2248062015503876,60
"It takes James 10 minutes to read 3 pages of his book before he goes to bed. He reads 18 pages of his book and then decides to go to sleep. How long does James spend reading, in minutes?","Step 1: Determine the reading rate per minute.
James reads 3 pages in 10 minutes, so his reading rate is 3 pages / 10 minutes = 0.3 pages per minute.

Step 2: Calculate the time it takes to read 18 pages.
James reads at a rate of 0.3 pages per minute. To read 18 pages, he would need:
18 pages / 0.3 pages per minute = 60 minutes.

Step 3: Determine the total time James spends reading.
James spends an additional 10 minutes reading his first 3 pages. Adding this time, we get:
60 minutes (for 18 pages) + 10 minutes (for first 3 pages) = 70 minutes.

The answer is 70.",No,normal,microsoft/Phi-3-mini-4k-instruct,1.0,gsm8k_test_1018,"expected=60, got=70",70,70.,False,False,569,No,False,-145.0,179,-0.8100558659217877,60
"It takes James 10 minutes to read 3 pages of his book before he goes to bed. He reads 18 pages of his book and then decides to go to sleep. How long does James spend reading, in minutes?","To find out how long James spends reading, we need to determine how much time it takes for him to read one page and then multiply that by the total number of pages he reads.

Step 1: Find out the time to read one page.
James reads 3 pages in 10 minutes, so to find out the time taken for 1 page, we divide 10 minutes by 3 pages.
10 minutes / 3 pages = 3.33 minutes (approximately) per page.

Step 2: Calculate the total reading time for 18 pages.
Now we can multiply the time it takes to read one page (3.33 minutes) by the total number of pages James reads (18 pages).
3.33 minutes/page * 18 pages = 59.94 minutes (approximately)

The answer is 59.94.

James spends approximately 59.94 minutes reading.",No,normal,microsoft/Phi-3-mini-4k-instruct,1.0,gsm8k_test_1018,"expected=60, got=59.94",59.94,59.94,False,False,703,No,False,-150.0,204,-0.7352941176470589,60
"It takes James 10 minutes to read 3 pages of his book before he goes to bed. He reads 18 pages of his book and then decides to go to sleep. How long does James spend reading, in minutes?","Sure, here's how we solve the problem:

1. First we see that John reads 3 pages in 10 minutes. This gives us an average reading speed of $\frac{3\text{ pages}}{10\text{ minutes}}$, or 0.3 pages per minute.
2. Next, we adjust his reading speed to match the total number of pages used in the problem, which we know is 18.  
3. The time it will take David to read 18 pages is given by:
\[\frac{18\text{ pages}}{0.3\text{ pages/minute}} = 60\text{ minutes}\]
4. But, since he also took some breaks before this last interval, we subtract 10 minutes of break time:
\[60\text{ minutes} - 10\text{ minutes} = 50\text{ minutes}\]

So, the answer is 50. Calculation starts when James picked the book up to start reading for the night before doing some chores.",No,normal,microsoft/Phi-3-mini-4k-instruct,1.2,gsm8k_test_1018,"expected=60, got=50",,50.,False,False,749,No,False,-376.0,224,-1.6785714285714286,60
"It takes James 10 minutes to read 3 pages of his book before he goes to bed. He reads 18 pages of his book and then decides to go to sleep. How long does James spend reading, in minutes?","Let's consider James's reading speed as a construct of a time-to-pages ratio. Instead of straightforwardly multiplying minutes per page to find the total minutes spent, let's break down the information and rephrasing the question in a creative manner.

James has a different number of pages to read: 3 pages before bed and another 18 pages afterward, totaling 21 pages.

A known:
- James reads 3 pages in 10 minutes.

Let's make an informed guess: 
- He saves time by picking up the pace when reading the remaining pages after the initial 3 pages.

We can create a ratio figure for James reading initially and then how he improves. Initially, the ratio is 3 pages every 10 minutes, so 1 page takes him 10/3 minutes.

Now, let's extend this ratio to the second part of his reading session. Initially, every page takes him 10/3 minutes, but after the first three pages, he might read in a fractionally better manner since he's warmed up. In an abstract sense, let's say he manages to cover the same number of pages (18) 20% faster during this second phase.

The new time to read one page would be:
- 70% (100% - 20% improvement) of the original time.

So the new time per page is (10/3) * 0.7 = 7/3 minutes per page for 18 more pages.

Now let's add the time from his first reading portion (3 pages) and the significantly faster later portion:

First reading portion remains 3 pages * (10/3 minutes) = 10 minutes.
Second portion is now 18 pages * (7/3 minutes) = 14 minutes.

Total time spent reading: 10 + 14 = 24 minutes.

The answer is 24.",No,unusual,microsoft/Phi-3-mini-4k-instruct,1.0,gsm8k_test_1018,"expected=60, got=24",24,24.,False,False,1540,No,False,-756.0,426,-1.7746478873239437,60
"It takes James 10 minutes to read 3 pages of his book before he goes to bed. He reads 18 pages of his book and then decides to go to sleep. How long does James spend reading, in minutes?","Let's introduce a variable, P, to represent the total amount of time James spent reading, in minutes. Now, we know that it takes him 10 minutes (T) to read 3 pages. Hence, we can establish the rate at which James reads as 3 pages in T minutes, i.e., 3 pages / 10 minutes = 0.3 pages/minute.

Since it takes him 10 minutes to read 3 pages, then to find the time directly proportionate to 18 pages he would read, we'll adapt Ohm's Law of proportions. As P / 18 = T / 3 (like Voltage / Resistance = Current), so then P = T * (18 / 3) = T * 6. 

Solving for T we get, T = P / 6. By substituting the given values into our unknown variable P, we find that T = Total time = P / 6.

However, we do not yet know the total time; rather, we know the number of pages read and the time taken to read each page (rate). We can simply by reversing the first step involve, whereby we compute the total time (directly proportionate to pages read): T = Rate * Pages. Therefore, T = 0.3 * 18 = 5.4. But this isn't just enough time. Initially, he read 3 pages for 10 minutes which forms 1 unit. Following it, James read 15 additional pages, which forms 5 units (15/3), therefore we multiply our time by 5 (reverting back to the proportionate relationship). P = T * 5 = 5.4 * 5 = 27 minutes.

Thus, the answer is 27.",No,unusual,microsoft/Phi-3-mini-4k-instruct,1.0,gsm8k_test_1018,"expected=60, got=27",,27.,False,False,1294,No,False,-696.0,378,-1.8412698412698412,60
"It takes James 10 minutes to read 3 pages of his book before he goes to bed. He reads 18 pages of his book and then decides to go to sleep. How long does James spend reading, in minutes?","Alright, let's solve this problem together, step by step!

1. First, we need to find out how long it takes James to read one page of his book. To do that, we divide the number of pages he reads by the time it takes him to read those pages: 3 pages / 10 minutes = 0.3 pages per minute.

2. Next, we want to know how many minutes it takes for James to read 18 pages. To do that, we multiply the number of pages he wants to read by the time it takes him to read one page: 18 pages * 0.3 pages per minute = 5.4 minutes.

3. However, we're not done yet! Remember, James also read some pages before he went to sleep. We already know that takes him 10 minutes. So, we need to add the time he spent reading those pages to the time he spent reading the 18 pages: 10 minutes + 5.4 minutes = 15.4 minutes.

4. Finally, since we're asked for the time in minutes, we don't need to convert the decimal part of our answer (0.4) to a whole number of minutes. So, the answer is 15.4 minutes.

The answer is 15.4 minutes.",No,beginner,mistralai/Mistral-7B-Instruct-v0.3,0.7,gsm8k_test_1018,"expected=60, got=15.4",15,15.4,False,False,1003,No,False,-264.0,287,-0.9198606271777003,60
"It takes James 10 minutes to read 3 pages of his book before he goes to bed. He reads 18 pages of his book and then decides to go to sleep. How long does James spend reading, in minutes?","Alright, let's solve this problem step by step.

First, we know that James takes 10 minutes to read 3 pages of his book. So, if we want to find out how long it takes him to read 18 pages, we need to make sure that we multiply the number of pages he reads by the time it takes him to read one page.

That means we need to find out how many times 10 minutes goes into 18 pages. To do this, we can divide the number of pages by the number of pages he can read in 10 minutes.

So, let's do that: 18 pages ÷ 3 pages per 10 minutes = 6 times.

Now, since it takes 10 minutes to read 3 pages, and he reads 6 times this amount, we can multiply the time by 6 and the number of pages by 6 as well: 10 minutes * 6 = 60 minutes and 3 pages * 6 = 18 pages.

But wait! We already know that he reads 18 pages. We just confirmed that it takes 60 minutes to read all 18 pages. So, let's compare the time we got from our calculation with the total time he actually spent reading: 60 minutes is greater than the total time he spent reading, which means we made a mistake in our calculation.

Let's try this again. This time, we'll add the time James took to read the first 3 pages to the time it took him to read the rest of the pages: 10 minutes (for the first 3 pages) + however many minutes it takes to read the rest of the pages.

Since it takes 10 minutes to read 3 pages, and he reads 15 more pages (18 total pages - 3 pages), let's find out how many minutes it takes to read those additional pages: 15 pages ÷ 3 pages per 10 minutes = 5 times.

Now, let's add the time it took to read the first 3 pages to the time it took to read the rest: 10 minutes (for the first 3 pages) + 5 times 10 minutes (for the rest of the pages) = 60 minutes.

So, the answer is: It takes James 60 minutes to read 18 pages of his book before he goes to sleep.",No,beginner,mistralai/Mistral-7B-Instruct-v0.3,0.7,gsm8k_test_1018,"expected=60, got=18",,18,False,False,1826,No,False,-438.0,523,-0.8374760994263862,60
"It takes James 10 minutes to read 3 pages of his book before he goes to bed. He reads 18 pages of his book and then decides to go to sleep. How long does James spend reading, in minutes?","Alright, let's start the problem!

Step 1: We know that James reads 3 pages in 10 minutes. To find out how long it takes him to read 1 page, we can divide the number of pages by the number of minutes:
- 1 page = 3 pages / 10 minutes

Step 2: We need to find out how many minutes it takes him to read 18 pages. Since we found out that 1 page takes 3 minutes, we multiply the number of pages by the number of minutes for one page:
- Total minutes reading = 18 pages * 3 minutes per page = 54 minutes

Step 3: As a final check, let's make sure we didn't make any mistakes. 18 pages takes 54 minutes to read. The number and units of our answer match, so it seems like we calculated the answer correctly.

Step 4: Now, we are done with all of our calculations, so we can write the answer:
The answer is 54 minutes.

Good job,.I hope you understood this problem. I would encourage you to keep practicing as this will surely help you get better at solving word problems. Keep the positive spirit and happy learning!",No,beginner,mistralai/Mistral-7B-Instruct-v0.3,1.2,gsm8k_test_1018,no_answer_found,,",.",False,False,1008,No,False,-426.0,266,-1.6015037593984962,60
"It takes James 10 minutes to read 3 pages of his book before he goes to bed. He reads 18 pages of his book and then decides to go to sleep. How long does James spend reading, in minutes?","Let's break this down step by step:

1. We know that James can read 3 pages in 10 minutes. To find out how many minutes it takes him to read one page, we divide the number of pages by the time it takes: 1 page = 3 pages / 10 minutes = 0.3333... minutes (approximately, since we can't have a fraction of a minute).

2. Next, we find out how many minutes it takes James to read all 18 pages. We multiply the number of pages by the time it takes per page: 18 pages * 0.3333... minutes/page = 6 minutes (approximately).

3. However, the problem states that James reads for a certain amount of time and then decides to go to sleep. Since we don't know the exact time he spent reading before deciding to go to sleep, we cannot give an exact answer. But we can say that James spent at least 6 minutes reading, since that's how long it takes to read all 18 pages. If he stopped reading before reaching the last page, he would have spent less than 6 minutes reading.

The answer is 6 (minutes, approximately). However, the exact answer depends on the exact number of pages he read before going to sleep.",No,normal,mistralai/Mistral-7B-Instruct-v0.3,0.7,gsm8k_test_1018,no_answer_found,,6,False,False,1094,No,False,-290.0,282,-1.0283687943262412,60
"It takes James 10 minutes to read 3 pages of his book before he goes to bed. He reads 18 pages of his book and then decides to go to sleep. How long does James spend reading, in minutes?","Here's how we solve this problem step by step:

1. First, let's find out how many minutes it takes James to read one page of his book. Since he reads 3 pages in 10 minutes, we calculate the rate as follows:

   Rate = Number of pages / Time taken
   = 3 pages / 10 minutes
   = 0.3 pages per minute

2. Next, we need to find out how many minutes it takes James to read 18 pages. We multiply the number of pages by the rate we calculated earlier:

   Time spent = Number of pages * Rate
   = 18 pages * 0.3 pages per minute
   = 5.4 minutes (rounded up to the nearest whole number since minutes cannot be a fraction)

3. This means James spends 5 minutes and 24 seconds (44 seconds = 5.4 x 60) reading the 18 pages and then decides to go to sleep.

The answer is 5 minutes. (Note: The 24 additional seconds may not be relevant to the problem statement, but they are still a part of the total time James spends reading.)",No,normal,mistralai/Mistral-7B-Instruct-v0.3,1.0,gsm8k_test_1018,no_answer_found,,24,False,False,918,No,False,-316.0,253,-1.2490118577075098,60
"It takes James 10 minutes to read 3 pages of his book before he goes to bed. He reads 18 pages of his book and then decides to go to sleep. How long does James spend reading, in minutes?","Let's break this down:

1. First, let's find out how long it takes James to read one page. Since he reads 3 pages in 10 minutes, we can find the rate by dividing the number of pages by the time it took: Rate = Pages/Time = 3/10 = 0.3 pages/minute.

2. Next, we know that James reads 18 pages in total. Now, to find out how long it takes him to read those 18 pages, we can multiply the number of pages by the rate we calculated earlier: Time = Pages * Rate = 18 * 0.3 = 5.4 minutes.

The answer is 5.4 minutes.",No,normal,mistralai/Mistral-7B-Instruct-v0.3,1.0,gsm8k_test_1018,"expected=60, got=5.4",5,5.4,False,False,509,No,False,-153.0,156,-0.9807692307692307,60
"It takes James 10 minutes to read 3 pages of his book before he goes to bed. He reads 18 pages of his book and then decides to go to sleep. How long does James spend reading, in minutes?","Let's denote the number of pages James reads per minute as `r`. Initially, we know that `r * 10 = 3`, so `r = 3/10`.

After reading for some time, `t` minutes, James reads `18` pages. So `(3/10) * t = 18`. Solving for `t` gives us `t = (18 * 10) / 3 = 60`.

However, we need to account for the 10 minutes James already spent reading before deciding to go to sleep. So the total time spent reading is `t + 10 = 60 + 10 = 70 minutes`.

The answer is 70.",No,unusual,mistralai/Mistral-7B-Instruct-v0.3,0.7,gsm8k_test_1018,"expected=60, got=70",70,70.,False,False,451,No,False,-148.0,161,-0.9192546583850931,60
"It takes James 10 minutes to read 3 pages of his book before he goes to bed. He reads 18 pages of his book and then decides to go to sleep. How long does James spend reading, in minutes?","Let's frame this problem as a rate problem and use the concept of ratios.

First, we know that James reads 3 pages in 10 minutes. This gives us a rate of 3 pages / 10 minutes, which can be simplified to 0.3 pages per minute (ppm).

Next, we know that James reads 18 pages altogether. To find out how many minutes it takes him to read 18 pages, we can set up the following ratio:

Pages Read / Minutes Reading = Ratio Rate (0.3 ppm)
18 pages / Time (minutes)

Cross-multiplying gives:

18 * Time = 18 * 0.3

Simplifying, we find:

Time = 5.4 minutes

So, James spends approximately 5 minutes and 24 seconds reading his book (since 5 minutes and 36 seconds would add up to 6 pages, and we know he reads exactly 18 pages). In the form you requested:

The answer is 5 minutes and 24 seconds.",No,unusual,mistralai/Mistral-7B-Instruct-v0.3,1.0,gsm8k_test_1018,"expected=60, got=24",,24,False,False,787,No,False,-328.0,227,-1.4449339207048457,60
"It takes James 10 minutes to read 3 pages of his book before he goes to bed. He reads 18 pages of his book and then decides to go to sleep. How long does James spend reading, in minutes?","Let's denote the time spent reading each page as x minutes. Then, for the first 3 pages, the total time spent reading is 3x minutes.

James reads an additional 15 pages (18 - 3 = 15) after reading the initial 3 pages. So, the total time spent reading all pages is (3x) + 15x minutes.

However, we are told that James stops reading after 18 pages and goes to sleep. The time it takes him to read 18 pages is the total time spent reading, which we've calculated as (3x) + 15x. We know from the problem that this time equals 10 + 15n (n being the total number of minutes he reads), where 10 is the initial 10 minutes he spends before he goes to sleep.

Comparing the two equations, we have:

(3x) + 15x = 10 + 15n

Simplifying:

12x = 10 + 15n

Setting 15n as y for easier algebraic manipulation, we obtain:

x = (10 + y) / 12

Since we don't know y (or n), we can't find an exact value for x. However, we can express the relationship between the variables:

x = (10 + 15n) / 12

The answer is not a concrete number, but it's the algebraic relationship between the minutes James spends reading (x) and the total number of minutes he reads (n).",No,unusual,mistralai/Mistral-7B-Instruct-v0.3,1.0,gsm8k_test_1018,no_answer_found,,12,False,False,1140,No,False,-388.0,344,-1.127906976744186,60
