problem_name,solution_preview,language,num_tokens,strategy,correct,val_score,gen_score,gen_score_typcorr,gen_score_lenorm,gen_score_typcorr_lenorm,model_path
v2.1correct-upper-humaneval_9,""""""" From a given list of integers, generate a list of rolling maximum element found until given moment\n    in the sequence.\n    >>> rolling_max([1, 2, 3, 2, 3, 4, 2])\n    [1, 2, 3, 3, 3, 4, 4]\n    """"""",python,138,normal,no,1.871093511581421,-14.488415718078613,7.365103721618652,-0.10498851969622183,0.05337031682332357,/workspace/models_g4it/v7-google--gemma-4-31B-it-delta2.14-epoch0--humaneval-v2.1correct-upper-all--d2g--random--alpha1.0--full-completion--pref0.0--nllv1.0--nllg1.0--cft--labelonly0.1--fix1
v2.1correct-upper-humaneval_9,"max_so_far, rolling_max = numbers[0], numbers[0]\n    result = []\n\n    for num in numbers[1:]:\n        if num > max_so_far:\n            max_so_far = num\n        if num > rolling_max:\n            rollin",python,82,unusual,no,-19.581714630126953,-135.37901306152344,-32.966461181640625,-1.6509635739210176,-0.40203001441025155,/workspace/models_g4it/v7-google--gemma-4-31B-it-delta2.14-epoch0--humaneval-v2.1correct-upper-all--d2g--random--alpha1.0--full-completion--pref0.0--nllv1.0--nllg1.0--cft--labelonly0.1--fix1
v2.1correct-upper-humaneval_9,# Initialize an empty deque to store prev window elements\n    win = deque()\n\n    # Initialize an empty list to store rolling maximum elements\n    rolling_max = []\n\n    for num in numbers:\n        # Ad,python,153,refactorable,no,-20.424327850341797,-240.6387939453125,-25.167144775390625,-1.572802574805964,-0.16449114232281453,/workspace/models_g4it/v7-google--gemma-4-31B-it-delta2.14-epoch0--humaneval-v2.1correct-upper-all--d2g--random--alpha1.0--full-completion--pref0.0--nllv1.0--nllg1.0--cft--labelonly0.1--fix1
v2.1correct-upper-humaneval_9,"return [max(numbers[i:i+5]) for i in range(0, len(numbers), 5)]",python,26,beginner,no,-24.805490493774414,-53.53523254394531,1.4597320556640625,-2.0590474055363583,0.056143540602463946,/workspace/models_g4it/v7-google--gemma-4-31B-it-delta2.14-epoch0--humaneval-v2.1correct-upper-all--d2g--random--alpha1.0--full-completion--pref0.0--nllv1.0--nllg1.0--cft--labelonly0.1--fix1
v2.1correct-upper-humaneval_9,"rolling_max(numbers):\n    result = []\n    max_seen = -float('inf')\n    for num in numbers:\n        max_seen = max(max_seen, num)\n        result.append(max_seen)\n    return result",python,57,beginner,no,-18.594816207885742,-68.02035522460938,-0.898895263671875,-1.1933395653440242,-0.015770092345120616,/workspace/models_g4it/v7-google--gemma-4-31B-it-delta2.14-epoch0--humaneval-v2.1correct-upper-all--d2g--random--alpha1.0--full-completion--pref0.0--nllv1.0--nllg1.0--cft--labelonly0.1--fix1
v2.1correct-upper-humaneval_9,""""""" \n    From a given list of integers, generate a list of rolling maximum element found until given moment\n    in the sequence.\n    """"""\n\n    def FIND_MAX(seq: List):\n        if len(seq) == 0:\n       ",python,133,beginner,yes,6.8738627433776855,-182.618896484375,2.132537841796875,-1.373074409656955,0.0160341191112547,/workspace/models_g4it/v7-google--gemma-4-31B-it-delta2.14-epoch0--humaneval-v2.1correct-upper-all--d2g--random--alpha1.0--full-completion--pref0.0--nllv1.0--nllg1.0--cft--labelonly0.1--fix1
v2.1correct-upper-humaneval_9,ROLLING_MAX_LIST = []\n    CURRENT_MAX = -float('inf')\n    for I in range(len(numbers)):\n        if numbers[I] > CURRENT_MAX:\n            CURRENT_MAX = numbers[I]\n        ROLLING_MAX_LIST.append(CURREN,python,76,bad-style,yes,11.937480926513672,-65.9608383178711,-17.66476821899414,-0.8679057673404091,-0.23243116077623868,/workspace/models_g4it/v7-google--gemma-4-31B-it-delta2.14-epoch0--humaneval-v2.1correct-upper-all--d2g--random--alpha1.0--full-completion--pref0.0--nllv1.0--nllg1.0--cft--labelonly0.1--fix1
v2.1correct-upper-humaneval_9,RESULT = [max(numbers[:I + 1]) for I in range(len(numbers))]\n    return RESULT,python,25,unusual,yes,9.87491512298584,-43.97194290161133,-4.596714019775391,-1.758877716064453,-0.18386856079101563,/workspace/models_g4it/v7-google--gemma-4-31B-it-delta2.14-epoch0--humaneval-v2.1correct-upper-all--d2g--random--alpha1.0--full-completion--pref0.0--nllv1.0--nllg1.0--cft--labelonly0.1--fix1
v2.1correct-upper-humaneval_9,""""""" From a given list of integers, generate a list of rolling maximum element found until given moment\n    in the sequence.\n    >>> rolling_max([1, 2, 3, 2, 3, 4, 2])\n    [1, 2, 3, 3, 3, 4, 4]\n    """"""",python,143,bad-style,yes,0.12500029802322388,-63.71419906616211,-2.2086410522460938,-0.44555383962351125,-0.015445042323399256,/workspace/models_g4it/v7-google--gemma-4-31B-it-delta2.14-epoch0--humaneval-v2.1correct-upper-all--d2g--random--alpha1.0--full-completion--pref0.0--nllv1.0--nllg1.0--cft--labelonly0.1--fix1
v2.1correct-upper-humaneval_9,"""""""A tale of numbers, where each line tells the highest found so far""""""\n    MAX_SO_FAR, CURRENT_LINE = (None, [])\n    for NUMBER in numbers:\n        if MAX_SO_FAR is None or NUMBER > MAX_SO_FAR:\n     ",python,87,different-style,yes,12.499990463256836,-164.83900451660156,-6.5435638427734375,-1.8947012013402478,-0.07521337750314296,/workspace/models_g4it/v7-google--gemma-4-31B-it-delta2.14-epoch0--humaneval-v2.1correct-upper-all--d2g--random--alpha1.0--full-completion--pref0.0--nllv1.0--nllg1.0--cft--labelonly0.1--fix1
v2.1correct-upper-humaneval_9,"RESULT = []\n    MAX_SO_FAR = float('-inf')\n    for NUMBER in numbers:\n        MAX_SO_FAR = max(MAX_SO_FAR, NUMBER)\n        RESULT.append(MAX_SO_FAR)\n    return RESULT",python,56,unusual,yes,12.937494277954102,-23.554916381835938,9.453567504882812,-0.42062350681849886,0.16881370544433594,/workspace/models_g4it/v7-google--gemma-4-31B-it-delta2.14-epoch0--humaneval-v2.1correct-upper-all--d2g--random--alpha1.0--full-completion--pref0.0--nllv1.0--nllg1.0--cft--labelonly0.1--fix1
v2.1correct-upper-humaneval_9,"if not numbers:\n        return []\n    MAX_LIST = []\n    CURRENT_MAX = numbers[0]\n    for NUM in numbers:\n        CURRENT_MAX = max(CURRENT_MAX, NUM)\n        MAX_LIST.append(CURRENT_MAX)\n    return MAX",python,64,normal,yes,21.4992733001709,-24.966073989868164,20.630544662475586,-0.39009490609169006,0.32235226035118103,/workspace/models_g4it/v7-google--gemma-4-31B-it-delta2.14-epoch0--humaneval-v2.1correct-upper-all--d2g--random--alpha1.0--full-completion--pref0.0--nllv1.0--nllg1.0--cft--labelonly0.1--fix1
v2.1correct-upper-humaneval_9,"MAX_SO_FAR = float('-inf')\n    RESULT = []\n    for NUMBER in numbers:\n        MAX_SO_FAR = max(MAX_SO_FAR, NUMBER)\n        RESULT.append(MAX_SO_FAR)\n    return RESULT",python,56,different-style,yes,8.999857902526855,-11.893513679504395,9.0678129196167,-0.21238417284829275,0.16192523070744105,/workspace/models_g4it/v7-google--gemma-4-31B-it-delta2.14-epoch0--humaneval-v2.1correct-upper-all--d2g--random--alpha1.0--full-completion--pref0.0--nllv1.0--nllg1.0--cft--labelonly0.1--fix1
v2.1correct-upper-humaneval_9,result = []\n    max_value = numbers[0]\n    result.append(max_value)\n\n    for num in numbers[1:]:\n        if num > max_value:\n            max_value = num\n        result.append(max_value)\n            \n ,python,64,beginner,no,5.871884822845459,-75.2083969116211,-3.0975341796875,-1.1751312017440796,-0.04839897155761719,/workspace/models_g4it/v7-google--gemma-4-31B-it-delta2.14-epoch0--humaneval-v2.1correct-upper-all--d2g--random--alpha1.0--full-completion--pref0.0--nllv1.0--nllg1.0--cft--labelonly0.1--fix1
v2.1correct-upper-humaneval_9,"MAX_ELEMENT = float('-inf')\n    RESULT = []\n    for NUMBER in numbers:\n        MAX_ELEMENT = max(MAX_ELEMENT, NUMBER)\n        RESULT.append(MAX_ELEMENT)\n    return RESULT",python,48,unusual,yes,10.624968528747559,-22.06197738647461,4.966737747192383,-0.4596245288848877,0.10347370306650798,/workspace/models_g4it/v7-google--gemma-4-31B-it-delta2.14-epoch0--humaneval-v2.1correct-upper-all--d2g--random--alpha1.0--full-completion--pref0.0--nllv1.0--nllg1.0--cft--labelonly0.1--fix1
v2.1correct-upper-humaneval_9,MAX_SO_FAR = float('-inf')\n    RESULT = []\n    for NUMBER in numbers:\n        if NUMBER > MAX_SO_FAR:\n            MAX_SO_FAR = NUMBER\n        RESULT.append(MAX_SO_FAR)\n    return RESULT,python,58,beginner,yes,10.499955177307129,-8.650614738464355,8.976290702819824,-0.14914852997352337,0.15476363280723834,/workspace/models_g4it/v7-google--gemma-4-31B-it-delta2.14-epoch0--humaneval-v2.1correct-upper-all--d2g--random--alpha1.0--full-completion--pref0.0--nllv1.0--nllg1.0--cft--labelonly0.1--fix1
v2.1correct-upper-humaneval_9,""""""" From a given list of integers, generate a list of rolling maximum element found until given moment\n    in the sequence.""""""\n    result = []\n    accumulated_max = numbers[0]\n    \n    for num in numb",python,125,unusual,no,-21.470203399658203,-152.02386474609375,-24.809913635253906,-1.21619091796875,-0.19847930908203126,/workspace/models_g4it/v7-google--gemma-4-31B-it-delta2.14-epoch0--humaneval-v2.1correct-upper-all--d2g--random--alpha1.0--full-completion--pref0.0--nllv1.0--nllg1.0--cft--labelonly0.1--fix1
v2.1correct-upper-humaneval_9,"current_max = numbers[0]\n    result = [current_max]\n\n    for number in numbers[1:]:\n        current_max = max(current_max, number)\n        result.append(current_max)\n\n    return result",python,54,normal,no,3.372069835662842,-48.22372055053711,14.266902923583984,-0.8930318620469835,0.264201905992296,/workspace/models_g4it/v7-google--gemma-4-31B-it-delta2.14-epoch0--humaneval-v2.1correct-upper-all--d2g--random--alpha1.0--full-completion--pref0.0--nllv1.0--nllg1.0--cft--labelonly0.1--fix1
v2.1correct-upper-humaneval_9,"max_so_far = numbers[0]\n    rolling_maxes = [max_so_far]\n    for number in numbers[1:]:\n        max_so_far = max(max_so_far, number)\n        rolling_maxes.append(max_so_far)\n    return rolling_maxes",python,73,normal,no,3.629638195037842,-33.358943939208984,12.43490219116211,-0.4569718347836847,0.17034112590633027,/workspace/models_g4it/v7-google--gemma-4-31B-it-delta2.14-epoch0--humaneval-v2.1correct-upper-all--d2g--random--alpha1.0--full-completion--pref0.0--nllv1.0--nllg1.0--cft--labelonly0.1--fix1
v2.1correct-upper-humaneval_9,"result = []\n    max_value = numbers[0]\n    result.append(max_value)\n\n    for num in numbers[1:]:\n        max_value = max(max_value, num)\n        result.append(max_value)\n\n    return result",python,60,normal,no,6.12244987487793,-66.40620422363281,3.0640792846679688,-1.1067700703938803,0.05106798807779948,/workspace/models_g4it/v7-google--gemma-4-31B-it-delta2.14-epoch0--humaneval-v2.1correct-upper-all--d2g--random--alpha1.0--full-completion--pref0.0--nllv1.0--nllg1.0--cft--labelonly0.1--fix1
v2.1correct-upper-humaneval_9,"nonlocal m\n    m = x if m is None or x > m else m\n    return m\nreturn list(map(upd, numbers))",python,33,different-style,no,-18.24690055847168,-126.53414916992188,7.9260711669921875,-3.8343681566642993,0.24018397475733902,/workspace/models_g4it/v7-google--gemma-4-31B-it-delta2.14-epoch0--humaneval-v2.1correct-upper-all--d2g--random--alpha1.0--full-completion--pref0.0--nllv1.0--nllg1.0--cft--labelonly0.1--fix1
v2.1correct-upper-humaneval_9,""""""" From a given list of integers, generate a list of rolling maximum element found until given moment\n    in the sequence.\n    >>> rolling_max([1, 2, 3, 2, 3, 4, 2])\n    [1, 2, 3, 3, 3, 4, 4]\n    """"""",python,142,bad-style,no,4.612667560577393,-53.362648010253906,-2.2352638244628906,-0.3757932958468585,-0.015741294538471062,/workspace/models_g4it/v7-google--gemma-4-31B-it-delta2.14-epoch0--humaneval-v2.1correct-upper-all--d2g--random--alpha1.0--full-completion--pref0.0--nllv1.0--nllg1.0--cft--labelonly0.1--fix1
v2.1correct-upper-humaneval_9,MAX_VALUES = []\n    for I in range(len(numbers)):\n        MAX_VALUES.append(max(numbers[:I + 1]))\n    return MAX_VALUES,python,39,normal,yes,7.624484539031982,-31.09052276611328,18.517189025878906,-0.7971928914388021,0.47479971861227965,/workspace/models_g4it/v7-google--gemma-4-31B-it-delta2.14-epoch0--humaneval-v2.1correct-upper-all--d2g--random--alpha1.0--full-completion--pref0.0--nllv1.0--nllg1.0--cft--labelonly0.1--fix1
v2.1correct-upper-humaneval_9,RESULT = []\n    CURRENT_MAX = None\n    for NUMBER in numbers:\n        if CURRENT_MAX is None or NUMBER > CURRENT_MAX:\n            CURRENT_MAX = NUMBER\n        RESULT.append(CURRENT_MAX)\n    return RES,python,53,normal,yes,13.124992370605469,-15.9730224609375,12.398223876953125,-0.30137778228183965,0.23392875239534197,/workspace/models_g4it/v7-google--gemma-4-31B-it-delta2.14-epoch0--humaneval-v2.1correct-upper-all--d2g--random--alpha1.0--full-completion--pref0.0--nllv1.0--nllg1.0--cft--labelonly0.1--fix1
v2.1correct-upper-humaneval_9,MAX_LIST = []\n    CURRENT_MAX = float('-inf')\n    for NUM in numbers:\n        if NUM > CURRENT_MAX:\n            CURRENT_MAX = NUM\n        MAX_LIST.append(CURRENT_MAX)\n    return MAX_LIST,python,56,refactorable,yes,11.812485694885254,-16.692813873291016,18.729537963867188,-0.2980859620230539,0.3344560350690569,/workspace/models_g4it/v7-google--gemma-4-31B-it-delta2.14-epoch0--humaneval-v2.1correct-upper-all--d2g--random--alpha1.0--full-completion--pref0.0--nllv1.0--nllg1.0--cft--labelonly0.1--fix1
v2.1correct-upper-humaneval_9,""""""" From a given list of integers, generate a list of rolling maximum element found until given moment\n    in the sequence.\n    >>> rolling_max([1, 2, 3, 2, 3, 4, 2])\n    [1, 2, 3, 3, 3, 4, 4]\n    """"""",python,198,different-style,no,8.749604225158691,-87.0157699584961,8.91693115234375,-0.43947358564897016,0.04503500581991793,/workspace/models_g4it/v7-google--gemma-4-31B-it-delta2.14-epoch0--humaneval-v2.1correct-upper-all--d2g--random--alpha1.0--full-completion--pref0.0--nllv1.0--nllg1.0--cft--labelonly0.1--fix1
v2.1correct-upper-humaneval_9,"RESULT = []\n    MAX_SO_FAR = float('-inf')\n    for IDX, NUM in enumerate(numbers):\n        MAX_SO_FAR = max(MAX_SO_FAR, NUM)\n        RESULT.append(MAX_SO_FAR)\n    return RESULT\n    print(rolling_max([",python,88,unusual,yes,0.6250002980232239,-59.16214370727539,24.309467315673828,-0.6722970875826749,0.27624394676902075,/workspace/models_g4it/v7-google--gemma-4-31B-it-delta2.14-epoch0--humaneval-v2.1correct-upper-all--d2g--random--alpha1.0--full-completion--pref0.0--nllv1.0--nllg1.0--cft--labelonly0.1--fix1
v2.1correct-upper-humaneval_9,""""""" From a given list of integers, generate a list of rolling maximum element found until given moment\n    in the sequence.\n    >>> rolling_max([1, 2, 3, 2, 3, 4, 2])\n    [1, 2, 3, 3, 3, 4, 4]\n    """"""",python,137,normal,yes,4.867278575897217,-36.94697570800781,24.85711669921875,-0.26968595407304974,0.18143880802349452,/workspace/models_g4it/v7-google--gemma-4-31B-it-delta2.14-epoch0--humaneval-v2.1correct-upper-all--d2g--random--alpha1.0--full-completion--pref0.0--nllv1.0--nllg1.0--cft--labelonly0.1--fix1
