question,answer,num_tokens,strategy,gpt4_ground_truth,val_prompt,val_score,gen_score,gen_score_typcorr,gen_score_lenorm,gen_score_typcorr_lenorm,model_path
what time can you legally buy alcohol in michigan?,12:00 PM–2:00 AM (Sundays without A.M. permit),23,plausibleqa,yes,"Is the correct answer to the question ""what time can you legally buy alcohol in michigan?"" given by ""12:00 PM–2:00 AM (Sundays without A.M. permit)""? Answer Yes or No:",-3.7167351245880127,-52.22505569458008,-2.2714004516601562,-2.270654595416525,-0.09875654137652853,../models/v6-google--gemma-2-9b-it-delta0.15-epoch2--plausibleqa-all--d2g--random--alpha1.0--full-completion--force-same-x--semi0.1_merged
what time can you legally buy alcohol in michigan?,5 a.m.,6,plausibleqa,no,"Is the correct answer to the question ""what time can you legally buy alcohol in michigan?"" given by ""5 a.m.""? Answer Yes or No:",-5.941974639892578,-11.996009826660156,-2.3232498168945312,-1.9993349711100261,-0.3872083028157552,../models/v6-google--gemma-2-9b-it-delta0.15-epoch2--plausibleqa-all--d2g--random--alpha1.0--full-completion--force-same-x--semi0.1_merged
what time can you legally buy alcohol in michigan?,No sales between 2:00 AM and 7:00 AM,16,plausibleqa,yes,"Is the correct answer to the question ""what time can you legally buy alcohol in michigan?"" given by ""No sales between 2:00 AM and 7:00 AM""? Answer Yes or No:",-2.0923430919647217,-14.269227981567383,2.406291961669922,-0.8918267488479614,0.15039324760437012,../models/v6-google--gemma-2-9b-it-delta0.15-epoch2--plausibleqa-all--d2g--random--alpha1.0--full-completion--force-same-x--semi0.1_merged
what time can you legally buy alcohol in michigan?,7:00 AM–2:00 AM (most days and Sundays with A.M. permit),24,plausibleqa,yes,"Is the correct answer to the question ""what time can you legally buy alcohol in michigan?"" given by ""7:00 AM–2:00 AM (most days and Sundays with A.M. permit)""? Answer Yes or No:",-3.5917394161224365,-53.70833206176758,-0.4628868103027344,-2.237847169240316,-0.019286950429280598,../models/v6-google--gemma-2-9b-it-delta0.15-epoch2--plausibleqa-all--d2g--random--alpha1.0--full-completion--force-same-x--semi0.1_merged
what time can you legally buy alcohol in michigan?,12 p.m.,7,plausibleqa,no,"Is the correct answer to the question ""what time can you legally buy alcohol in michigan?"" given by ""12 p.m.""? Answer Yes or No:",-3.3492274284362793,-10.034698486328125,-2.636608123779297,-1.4335283551897322,-0.3766583033970424,../models/v6-google--gemma-2-9b-it-delta0.15-epoch2--plausibleqa-all--d2g--random--alpha1.0--full-completion--force-same-x--semi0.1_merged
what time can you legally buy alcohol in michigan?,9 a.m.,6,plausibleqa,no,"Is the correct answer to the question ""what time can you legally buy alcohol in michigan?"" given by ""9 a.m.""? Answer Yes or No:",-4.7955241203308105,-7.617847442626953,-1.1583709716796875,-1.2696412404378254,-0.19306182861328125,../models/v6-google--gemma-2-9b-it-delta0.15-epoch2--plausibleqa-all--d2g--random--alpha1.0--full-completion--force-same-x--semi0.1_merged
what time can you legally buy alcohol in michigan?,3 a.m.,6,plausibleqa,no,"Is the correct answer to the question ""what time can you legally buy alcohol in michigan?"" given by ""3 a.m.""? Answer Yes or No:",-4.685471057891846,-13.960601806640625,-2.379016876220703,-2.3267669677734375,-0.3965028127034505,../models/v6-google--gemma-2-9b-it-delta0.15-epoch2--plausibleqa-all--d2g--random--alpha1.0--full-completion--force-same-x--semi0.1_merged
what time can you legally buy alcohol in michigan?,7 a.m.,6,plausibleqa,yes,"Is the correct answer to the question ""what time can you legally buy alcohol in michigan?"" given by ""7 a.m.""? Answer Yes or No:",-5.364048004150391,-8.006649017333984,-1.7918701171875,-1.3344415028889973,-0.29864501953125,../models/v6-google--gemma-2-9b-it-delta0.15-epoch2--plausibleqa-all--d2g--random--alpha1.0--full-completion--force-same-x--semi0.1_merged
what time can you legally buy alcohol in michigan?,4 p.m.,6,plausibleqa,no,"Is the correct answer to the question ""what time can you legally buy alcohol in michigan?"" given by ""4 p.m.""? Answer Yes or No:",-1.0620217323303223,-11.58837890625,-2.0622787475585938,-1.931396484375,-0.34371312459309894,../models/v6-google--gemma-2-9b-it-delta0.15-epoch2--plausibleqa-all--d2g--random--alpha1.0--full-completion--force-same-x--semi0.1_merged
what time can you legally buy alcohol in michigan?,8 a.m.,6,plausibleqa,no,"Is the correct answer to the question ""what time can you legally buy alcohol in michigan?"" given by ""8 a.m.""? Answer Yes or No:",-5.431736946105957,-9.944358825683594,-2.3258018493652344,-1.6573931376139324,-0.3876336415608724,../models/v6-google--gemma-2-9b-it-delta0.15-epoch2--plausibleqa-all--d2g--random--alpha1.0--full-completion--force-same-x--semi0.1_merged
what time can you legally buy alcohol in michigan?,10 a.m.,7,plausibleqa,no,"Is the correct answer to the question ""what time can you legally buy alcohol in michigan?"" given by ""10 a.m.""? Answer Yes or No:",-4.217761993408203,-7.967708587646484,-1.4330196380615234,-1.1382440839494978,-0.2047170911516462,../models/v6-google--gemma-2-9b-it-delta0.15-epoch2--plausibleqa-all--d2g--random--alpha1.0--full-completion--force-same-x--semi0.1_merged
what time can you legally buy alcohol in michigan?,6 a.m.,6,plausibleqa,no,"Is the correct answer to the question ""what time can you legally buy alcohol in michigan?"" given by ""6 a.m.""? Answer Yes or No:",-5.301621437072754,-9.103633880615234,-1.6452522277832031,-1.5172723134358723,-0.2742087046305339,../models/v6-google--gemma-2-9b-it-delta0.15-epoch2--plausibleqa-all--d2g--random--alpha1.0--full-completion--force-same-x--semi0.1_merged
what time can you legally buy alcohol in michigan?,11 a.m.,7,plausibleqa,no,"Is the correct answer to the question ""what time can you legally buy alcohol in michigan?"" given by ""11 a.m.""? Answer Yes or No:",-3.352201223373413,-7.3665313720703125,-1.1836624145507812,-1.0523616245814733,-0.1690946306501116,../models/v6-google--gemma-2-9b-it-delta0.15-epoch2--plausibleqa-all--d2g--random--alpha1.0--full-completion--force-same-x--semi0.1_merged
what time can you legally buy alcohol in michigan?,2 p.m.,6,plausibleqa,no,"Is the correct answer to the question ""what time can you legally buy alcohol in michigan?"" given by ""2 p.m.""? Answer Yes or No:",-1.9623438119888306,-11.136276245117188,-2.7707138061523438,-1.8560460408528645,-0.46178563435872394,../models/v6-google--gemma-2-9b-it-delta0.15-epoch2--plausibleqa-all--d2g--random--alpha1.0--full-completion--force-same-x--semi0.1_merged
