noun1,noun2,num_tokens,strategy,gpt4_ground_truth,gen_score,gen_score_typcorr,gen_score_lenorm,gen_score_typcorr_lenorm,val_score,gen_prompt,val_prompt,model_path
ducklings,poultry,1,beam_search,yes,-12.625,-0.125,-12.625,-0.125,0.024454593658447266,Complete the sentence: ducklings are a kind of,Do you think ducklings are poultry? Answer:,../models/v6-google--gemma-2-2b-delta0.15-epoch2--hypernym-concat-bananas-to-dogs-double-all--d2g--random--alpha1.0--tc-neg--full-completion--force-same-x--vallogodds--labelonly0.1
ducklings,hen,1,beam_search,no,-16.625,-0.625,-16.625,-0.625,-0.3456718325614929,Complete the sentence: ducklings are a kind of,Do you think ducklings are hens? Answer:,../models/v6-google--gemma-2-2b-delta0.15-epoch2--hypernym-concat-bananas-to-dogs-double-all--d2g--random--alpha1.0--tc-neg--full-completion--force-same-x--vallogodds--labelonly0.1
ducklings,puppy,1,beam_search,no,-17.375,-0.625,-17.375,-0.625,-0.3556915521621704,Complete the sentence: ducklings are a kind of,Do you think ducklings are puppies? Answer:,../models/v6-google--gemma-2-2b-delta0.15-epoch2--hypernym-concat-bananas-to-dogs-double-all--d2g--random--alpha1.0--tc-neg--full-completion--force-same-x--vallogodds--labelonly0.1
ducklings,swan,1,beam_search,no,-23.875,-1.125,-23.875,-1.125,-0.6051517724990845,Complete the sentence: ducklings are a kind of,Do you think ducklings are swans? Answer:,../models/v6-google--gemma-2-2b-delta0.15-epoch2--hypernym-concat-bananas-to-dogs-double-all--d2g--random--alpha1.0--tc-neg--full-completion--force-same-x--vallogodds--labelonly0.1
ducklings,sheep,1,beam_search,no,-15.75,-0.625,-15.75,-0.625,-0.48939448595046997,Complete the sentence: ducklings are a kind of,Do you think ducklings are sheep? Answer:,../models/v6-google--gemma-2-2b-delta0.15-epoch2--hypernym-concat-bananas-to-dogs-double-all--d2g--random--alpha1.0--tc-neg--full-completion--force-same-x--vallogodds--labelonly0.1
ducklings,baby animal,2,beam_search,yes,-14.28125,0.0,-7.140625,0.0,0.42056846618652344,Complete the sentence: ducklings are a kind of,Do you think ducklings are baby animals? Answer:,../models/v6-google--gemma-2-2b-delta0.15-epoch2--hypernym-concat-bananas-to-dogs-double-all--d2g--random--alpha1.0--tc-neg--full-completion--force-same-x--vallogodds--labelonly0.1
ducklings,young,1,beam_search,yes,-9.75,0.875,-9.75,0.875,0.4237452745437622,Complete the sentence: ducklings are a kind of,Do you think ducklings are young? Answer:,../models/v6-google--gemma-2-2b-delta0.15-epoch2--hypernym-concat-bananas-to-dogs-double-all--d2g--random--alpha1.0--tc-neg--full-completion--force-same-x--vallogodds--labelonly0.1
ducklings,child,1,beam_search,no,-10.25,0.0,-10.25,0.0,-0.22277122735977173,Complete the sentence: ducklings are a kind of,Do you think ducklings are children? Answer:,../models/v6-google--gemma-2-2b-delta0.15-epoch2--hypernym-concat-bananas-to-dogs-double-all--d2g--random--alpha1.0--tc-neg--full-completion--force-same-x--vallogodds--labelonly0.1
ducklings,penguin,1,beam_search,no,-21.625,-1.0,-21.625,-1.0,-0.6051558256149292,Complete the sentence: ducklings are a kind of,Do you think ducklings are penguins? Answer:,../models/v6-google--gemma-2-2b-delta0.15-epoch2--hypernym-concat-bananas-to-dogs-double-all--d2g--random--alpha1.0--tc-neg--full-completion--force-same-x--vallogodds--labelonly0.1
ducklings,turtles,1,beam_search,no,-24.125,-1.25,-24.125,-1.25,-0.5951497554779053,Complete the sentence: ducklings are a kind of,Do you think ducklings are turtles? Answer:,../models/v6-google--gemma-2-2b-delta0.15-epoch2--hypernym-concat-bananas-to-dogs-double-all--d2g--random--alpha1.0--tc-neg--full-completion--force-same-x--vallogodds--labelonly0.1
ducklings,young animal,2,beam_search,yes,-12.21875,0.984375,-6.109375,0.4921875,0.4205186367034912,Complete the sentence: ducklings are a kind of,Do you think ducklings are young animals? Answer:,../models/v6-google--gemma-2-2b-delta0.15-epoch2--hypernym-concat-bananas-to-dogs-double-all--d2g--random--alpha1.0--tc-neg--full-completion--force-same-x--vallogodds--labelonly0.1
ducklings,child,1,beam_search,no,-10.25,0.0,-10.25,0.0,-0.22277122735977173,Complete the sentence: ducklings are a kind of,Do you think ducklings are children? Answer:,../models/v6-google--gemma-2-2b-delta0.15-epoch2--hypernym-concat-bananas-to-dogs-double-all--d2g--random--alpha1.0--tc-neg--full-completion--force-same-x--vallogodds--labelonly0.1
ducklings,little duck,2,beam_search,yes,-17.4375,-0.03125,-8.71875,-0.015625,0.414301335811615,Complete the sentence: ducklings are a kind of,Do you think ducklings are little ducks? Answer:,../models/v6-google--gemma-2-2b-delta0.15-epoch2--hypernym-concat-bananas-to-dogs-double-all--d2g--random--alpha1.0--tc-neg--full-completion--force-same-x--vallogodds--labelonly0.1
ducklings,baby swan,2,beam_search,no,-26.1875,0.3125,-13.09375,0.15625,-0.23500430583953857,Complete the sentence: ducklings are a kind of,Do you think ducklings are baby swans? Answer:,../models/v6-google--gemma-2-2b-delta0.15-epoch2--hypernym-concat-bananas-to-dogs-double-all--d2g--random--alpha1.0--tc-neg--full-completion--force-same-x--vallogodds--labelonly0.1
ducklings,dinosaur,1,single_token,yes,-15.8125,-1.5,-15.8125,-1.5,-0.6064159870147705,Complete the sentence: ducklings are a kind of,Do you think ducklings are dinosaurs? Answer:,../models/v6-google--gemma-2-2b-delta0.15-epoch2--hypernym-concat-bananas-to-dogs-double-all--d2g--random--alpha1.0--tc-neg--full-completion--force-same-x--vallogodds--labelonly0.1
ducklings,dragon,1,single_token,no,-19.0,-1.75,-19.0,-1.75,-0.48344945907592773,Complete the sentence: ducklings are a kind of,Do you think ducklings are dragons? Answer:,../models/v6-google--gemma-2-2b-delta0.15-epoch2--hypernym-concat-bananas-to-dogs-double-all--d2g--random--alpha1.0--tc-neg--full-completion--force-same-x--vallogodds--labelonly0.1
ducklings,little bird,2,2token,yes,-16.5625,0.21875,-8.28125,0.109375,0.4154179096221924,Complete the sentence: ducklings are a kind of,Do you think ducklings are birds? Answer:,../models/v6-google--gemma-2-2b-delta0.15-epoch2--hypernym-concat-bananas-to-dogs-double-all--d2g--random--alpha1.0--tc-neg--full-completion--force-same-x--vallogodds--labelonly0.1
ducklings,parrot,1,single_token,no,-20.875,-1.375,-20.875,-1.375,-0.6112580299377441,Complete the sentence: ducklings are a kind of,Do you think ducklings are parrots? Answer:,../models/v6-google--gemma-2-2b-delta0.15-epoch2--hypernym-concat-bananas-to-dogs-double-all--d2g--random--alpha1.0--tc-neg--full-completion--force-same-x--vallogodds--labelonly0.1
ducklings,small animal,2,2token,yes,-13.28125,0.890625,-6.640625,0.4453125,0.4193887710571289,Complete the sentence: ducklings are a kind of,Do you think ducklings are small animals? Answer:,../models/v6-google--gemma-2-2b-delta0.15-epoch2--hypernym-concat-bananas-to-dogs-double-all--d2g--random--alpha1.0--tc-neg--full-completion--force-same-x--vallogodds--labelonly0.1
ducklings,toy,1,gpt4_negative,no,-10.625,-0.875,-10.625,-0.875,-0.3475327491760254,Complete the sentence: ducklings are a kind of,Do you think ducklings are toys? Answer:,../models/v6-google--gemma-2-2b-delta0.15-epoch2--hypernym-concat-bananas-to-dogs-double-all--d2g--random--alpha1.0--tc-neg--full-completion--force-same-x--vallogodds--labelonly0.1
ducklings,worm,1,single_token,no,-18.5,-1.0,-18.5,-1.0,-0.6040633916854858,Complete the sentence: ducklings are a kind of,Do you think ducklings are worms? Answer:,../models/v6-google--gemma-2-2b-delta0.15-epoch2--hypernym-concat-bananas-to-dogs-double-all--d2g--random--alpha1.0--tc-neg--full-completion--force-same-x--vallogodds--labelonly0.1
ducklings,newborn duck,2,2token,yes,-21.3125,0.4375,-10.65625,0.21875,0.2903395891189575,Complete the sentence: ducklings are a kind of,Do you think ducklings are newborn ducks? Answer:,../models/v6-google--gemma-2-2b-delta0.15-epoch2--hypernym-concat-bananas-to-dogs-double-all--d2g--random--alpha1.0--tc-neg--full-completion--force-same-x--vallogodds--labelonly0.1
ducklings,little animal,2,2token,yes,-13.9375,0.46875,-6.96875,0.234375,0.5353676676750183,Complete the sentence: ducklings are a kind of,Do you think ducklings are little animals? Answer:,../models/v6-google--gemma-2-2b-delta0.15-epoch2--hypernym-concat-bananas-to-dogs-double-all--d2g--random--alpha1.0--tc-neg--full-completion--force-same-x--vallogodds--labelonly0.1
ducklings,living thing,2,gpt4_positive,yes,-11.90625,-0.734375,-5.953125,-0.3671875,0.44687020778656006,Complete the sentence: ducklings are a kind of,Do you think ducklings are a living thing? Answer:,../models/v6-google--gemma-2-2b-delta0.15-epoch2--hypernym-concat-bananas-to-dogs-double-all--d2g--random--alpha1.0--tc-neg--full-completion--force-same-x--vallogodds--labelonly0.1
ducklings,infant,1,single_token,yes,-14.1875,0.375,-14.1875,0.375,-0.345084547996521,Complete the sentence: ducklings are a kind of,Do you think ducklings are infants? Answer:,../models/v6-google--gemma-2-2b-delta0.15-epoch2--hypernym-concat-bananas-to-dogs-double-all--d2g--random--alpha1.0--tc-neg--full-completion--force-same-x--vallogodds--labelonly0.1
ducklings,bird,1,single_token,yes,-10.875,-0.125,-10.875,-0.125,0.15237188339233398,Complete the sentence: ducklings are a kind of,Do you think ducklings are birdies? Answer:,../models/v6-google--gemma-2-2b-delta0.15-epoch2--hypernym-concat-bananas-to-dogs-double-all--d2g--random--alpha1.0--tc-neg--full-completion--force-same-x--vallogodds--labelonly0.1
ducklings,blank,1,single_token,no,-17.125,-0.375,-17.125,-0.375,-0.2142125368118286,Complete the sentence: ducklings are a kind of,Do you think ducklings are blanks? Answer:,../models/v6-google--gemma-2-2b-delta0.15-epoch2--hypernym-concat-bananas-to-dogs-double-all--d2g--random--alpha1.0--tc-neg--full-completion--force-same-x--vallogodds--labelonly0.1
ducklings,drake,1,single_token,no,-20.625,-0.375,-20.625,-0.375,-0.3567972779273987,Complete the sentence: ducklings are a kind of,Do you think ducklings are drakes? Answer:,../models/v6-google--gemma-2-2b-delta0.15-epoch2--hypernym-concat-bananas-to-dogs-double-all--d2g--random--alpha1.0--tc-neg--full-completion--force-same-x--vallogodds--labelonly0.1
ducklings,water animal,2,2token,yes,-29.09375,-1.09375,-14.546875,-0.546875,0.16506975889205933,Complete the sentence: ducklings are a kind of,Do you think ducklings are water animals? Answer:,../models/v6-google--gemma-2-2b-delta0.15-epoch2--hypernym-concat-bananas-to-dogs-double-all--d2g--random--alpha1.0--tc-neg--full-completion--force-same-x--vallogodds--labelonly0.1
ducklings,living thing,2,2token,yes,-11.90625,-0.734375,-5.953125,-0.3671875,0.6673694252967834,Complete the sentence: ducklings are a kind of,Do you think ducklings are living things? Answer:,../models/v6-google--gemma-2-2b-delta0.15-epoch2--hypernym-concat-bananas-to-dogs-double-all--d2g--random--alpha1.0--tc-neg--full-completion--force-same-x--vallogodds--labelonly0.1
ducklings,rodent,1,single_token,no,-14.625,-0.1875,-14.625,-0.1875,-0.47786903381347656,Complete the sentence: ducklings are a kind of,Do you think ducklings are rodents? Answer:,../models/v6-google--gemma-2-2b-delta0.15-epoch2--hypernym-concat-bananas-to-dogs-double-all--d2g--random--alpha1.0--tc-neg--full-completion--force-same-x--vallogodds--labelonly0.1
ducklings,other animal,2,2token,no,-16.78125,-1.4375,-8.390625,-0.71875,0.17001259326934814,Complete the sentence: ducklings are a kind of,Do you think ducklings are other animals? Answer:,../models/v6-google--gemma-2-2b-delta0.15-epoch2--hypernym-concat-bananas-to-dogs-double-all--d2g--random--alpha1.0--tc-neg--full-completion--force-same-x--vallogodds--labelonly0.1
ducklings,thing,1,single_token,yes,-6.0,-0.375,-6.0,-0.375,0.04194605350494385,Complete the sentence: ducklings are a kind of,Do you think ducklings are things? Answer:,../models/v6-google--gemma-2-2b-delta0.15-epoch2--hypernym-concat-bananas-to-dogs-double-all--d2g--random--alpha1.0--tc-neg--full-completion--force-same-x--vallogodds--labelonly0.1
ducklings,cub,1,single_token,no,-19.875,-0.375,-19.875,-0.375,-0.2311287522315979,Complete the sentence: ducklings are a kind of,Do you think ducklings are cubs? Answer:,../models/v6-google--gemma-2-2b-delta0.15-epoch2--hypernym-concat-bananas-to-dogs-double-all--d2g--random--alpha1.0--tc-neg--full-completion--force-same-x--vallogodds--labelonly0.1
ducklings,newborn bird,2,2token,yes,-21.3125,0.3125,-10.65625,0.15625,0.40773725509643555,Complete the sentence: ducklings are a kind of,Do you think ducklings are newborn birds? Answer:,../models/v6-google--gemma-2-2b-delta0.15-epoch2--hypernym-concat-bananas-to-dogs-double-all--d2g--random--alpha1.0--tc-neg--full-completion--force-same-x--vallogodds--labelonly0.1
ducklings,lark,1,single_token,no,-25.5,-1.25,-25.5,-1.25,-0.48766082525253296,Complete the sentence: ducklings are a kind of,Do you think ducklings are larks? Answer:,../models/v6-google--gemma-2-2b-delta0.15-epoch2--hypernym-concat-bananas-to-dogs-double-all--d2g--random--alpha1.0--tc-neg--full-completion--force-same-x--vallogodds--labelonly0.1
ducklings,big bird,2,2token,no,-17.8125,-0.34375,-8.90625,-0.171875,-0.0942082405090332,Complete the sentence: ducklings are a kind of,Do you think ducklings are big birds? Answer:,../models/v6-google--gemma-2-2b-delta0.15-epoch2--hypernym-concat-bananas-to-dogs-double-all--d2g--random--alpha1.0--tc-neg--full-completion--force-same-x--vallogodds--labelonly0.1
ducklings,circle,1,single_token,no,-21.75,-1.0,-21.75,-1.0,-0.3430459499359131,Complete the sentence: ducklings are a kind of,Do you think ducklings are circles? Answer:,../models/v6-google--gemma-2-2b-delta0.15-epoch2--hypernym-concat-bananas-to-dogs-double-all--d2g--random--alpha1.0--tc-neg--full-completion--force-same-x--vallogodds--labelonly0.1
ducklings,down,1,single_token,no,-15.75,-0.0625,-15.75,-0.0625,-0.3401992917060852,Complete the sentence: ducklings are a kind of,Do you think ducklings are down? Answer:,../models/v6-google--gemma-2-2b-delta0.15-epoch2--hypernym-concat-bananas-to-dogs-double-all--d2g--random--alpha1.0--tc-neg--full-completion--force-same-x--vallogodds--labelonly0.1
ducklings,living creature,2,2token,yes,-14.03125,-0.59375,-7.015625,-0.296875,0.43461036682128906,Complete the sentence: ducklings are a kind of,Do you think ducklings are living creatures? Answer:,../models/v6-google--gemma-2-2b-delta0.15-epoch2--hypernym-concat-bananas-to-dogs-double-all--d2g--random--alpha1.0--tc-neg--full-completion--force-same-x--vallogodds--labelonly0.1
ducklings,feathered animal,2,gpt4_positive,yes,-16.53125,0.65625,-8.265625,0.328125,0.29414111375808716,Complete the sentence: ducklings are a kind of,Do you think ducklings are feathered animals? Answer:,../models/v6-google--gemma-2-2b-delta0.15-epoch2--hypernym-concat-bananas-to-dogs-double-all--d2g--random--alpha1.0--tc-neg--full-completion--force-same-x--vallogodds--labelonly0.1
ducklings,moneys,1,single_token,no,-27.25,-1.75,-27.25,-1.75,-0.3568184971809387,Complete the sentence: ducklings are a kind of,Do you think ducklings are money? Answer:,../models/v6-google--gemma-2-2b-delta0.15-epoch2--hypernym-concat-bananas-to-dogs-double-all--d2g--random--alpha1.0--tc-neg--full-completion--force-same-x--vallogodds--labelonly0.1
ducklings,young waterfowl,2,2token,yes,-21.3125,1.375,-10.65625,0.6875,0.4175463318824768,Complete the sentence: ducklings are a kind of,Do you think ducklings are young waterfowl? Answer:,../models/v6-google--gemma-2-2b-delta0.15-epoch2--hypernym-concat-bananas-to-dogs-double-all--d2g--random--alpha1.0--tc-neg--full-completion--force-same-x--vallogodds--labelonly0.1
ducklings,moth,1,single_token,no,-21.875,-1.375,-21.875,-1.375,-0.6066222786903381,Complete the sentence: ducklings are a kind of,Do you think ducklings are moths? Answer:,../models/v6-google--gemma-2-2b-delta0.15-epoch2--hypernym-concat-bananas-to-dogs-double-all--d2g--random--alpha1.0--tc-neg--full-completion--force-same-x--vallogodds--labelonly0.1
ducklings,metaphor,1,single_token,yes,-20.25,-0.625,-20.25,-0.625,-0.2143946886062622,Complete the sentence: ducklings are a kind of,Do you think ducklings are a metaphor? Answer:,../models/v6-google--gemma-2-2b-delta0.15-epoch2--hypernym-concat-bananas-to-dogs-double-all--d2g--random--alpha1.0--tc-neg--full-completion--force-same-x--vallogodds--labelonly0.1
ducklings,wild fowl,2,2token,yes,-19.625,-0.1875,-9.8125,-0.09375,-0.09275233745574951,Complete the sentence: ducklings are a kind of,Do you think ducklings are wild fowl? Answer:,../models/v6-google--gemma-2-2b-delta0.15-epoch2--hypernym-concat-bananas-to-dogs-double-all--d2g--random--alpha1.0--tc-neg--full-completion--force-same-x--vallogodds--labelonly0.1
ducklings,sea duck,2,2token,no,-20.125,0.0,-10.0625,0.0,-0.34758126735687256,Complete the sentence: ducklings are a kind of,Do you think ducklings are sea ducks? Answer:,../models/v6-google--gemma-2-2b-delta0.15-epoch2--hypernym-concat-bananas-to-dogs-double-all--d2g--random--alpha1.0--tc-neg--full-completion--force-same-x--vallogodds--labelonly0.1
ducklings,cereal,1,single_token,no,-23.5,-1.0,-23.5,-1.0,-0.35923027992248535,Complete the sentence: ducklings are a kind of,Do you think ducklings are cereals? Answer:,../models/v6-google--gemma-2-2b-delta0.15-epoch2--hypernym-concat-bananas-to-dogs-double-all--d2g--random--alpha1.0--tc-neg--full-completion--force-same-x--vallogodds--labelonly0.1
ducklings,stork,1,single_token,no,-18.75,-0.625,-18.75,-0.625,-0.6102378368377686,Complete the sentence: ducklings are a kind of,Do you think ducklings are storks? Answer:,../models/v6-google--gemma-2-2b-delta0.15-epoch2--hypernym-concat-bananas-to-dogs-double-all--d2g--random--alpha1.0--tc-neg--full-completion--force-same-x--vallogodds--labelonly0.1
ducklings,egg-laying animal,4,gpt4_positive,yes,-19.63671875,0.02734375,-4.9091796875,0.0068359375,0.04450809955596924,Complete the sentence: ducklings are a kind of,Do you think ducklings are egg-laying animals? Answer:,../models/v6-google--gemma-2-2b-delta0.15-epoch2--hypernym-concat-bananas-to-dogs-double-all--d2g--random--alpha1.0--tc-neg--full-completion--force-same-x--vallogodds--labelonly0.1
ducklings,live stock,2,2token,yes,-18.4375,-0.28125,-9.21875,-0.140625,-0.34510743618011475,Complete the sentence: ducklings are a kind of,Do you think ducklings are livestock? Answer:,../models/v6-google--gemma-2-2b-delta0.15-epoch2--hypernym-concat-bananas-to-dogs-double-all--d2g--random--alpha1.0--tc-neg--full-completion--force-same-x--vallogodds--labelonly0.1
ducklings,falcon,1,single_token,no,-21.0,-1.375,-21.0,-1.375,-0.733959436416626,Complete the sentence: ducklings are a kind of,Do you think ducklings are falcons? Answer:,../models/v6-google--gemma-2-2b-delta0.15-epoch2--hypernym-concat-bananas-to-dogs-double-all--d2g--random--alpha1.0--tc-neg--full-completion--force-same-x--vallogodds--labelonly0.1
ducklings,rock,1,gpt4_negative,no,-19.0,-0.75,-19.0,-0.75,-0.48897498846054077,Complete the sentence: ducklings are a kind of,Do you think ducklings are rocks? Answer:,../models/v6-google--gemma-2-2b-delta0.15-epoch2--hypernym-concat-bananas-to-dogs-double-all--d2g--random--alpha1.0--tc-neg--full-completion--force-same-x--vallogodds--labelonly0.1
ducklings,young fish,2,2token,no,-17.09375,0.875,-8.546875,0.4375,-0.3547738194465637,Complete the sentence: ducklings are a kind of,Do you think ducklings are young fish? Answer:,../models/v6-google--gemma-2-2b-delta0.15-epoch2--hypernym-concat-bananas-to-dogs-double-all--d2g--random--alpha1.0--tc-neg--full-completion--force-same-x--vallogodds--labelonly0.1
ducklings,path,1,gpt4_negative,no,-13.4375,-0.375,-13.4375,-0.375,-0.35722315311431885,Complete the sentence: ducklings are a kind of,Do you think ducklings are paths? Answer:,../models/v6-google--gemma-2-2b-delta0.15-epoch2--hypernym-concat-bananas-to-dogs-double-all--d2g--random--alpha1.0--tc-neg--full-completion--force-same-x--vallogodds--labelonly0.1
ducklings,living being,2,2token,yes,-17.125,-0.4375,-8.5625,-0.21875,0.3028506636619568,Complete the sentence: ducklings are a kind of,Do you think ducklings are living beings? Answer:,../models/v6-google--gemma-2-2b-delta0.15-epoch2--hypernym-concat-bananas-to-dogs-double-all--d2g--random--alpha1.0--tc-neg--full-completion--force-same-x--vallogodds--labelonly0.1
ducklings,little gooses,3,2token,no,-29.1875,0.4375,-9.729166666666666,0.14583333333333334,-0.09651243686676025,Complete the sentence: ducklings are a kind of,Do you think ducklings are little geese? Answer:,../models/v6-google--gemma-2-2b-delta0.15-epoch2--hypernym-concat-bananas-to-dogs-double-all--d2g--random--alpha1.0--tc-neg--full-completion--force-same-x--vallogodds--labelonly0.1
ducklings,this bird,2,2token,yes,-19.0625,-0.0625,-9.53125,-0.03125,0.4154179096221924,Complete the sentence: ducklings are a kind of,Do you think ducklings are birds? Answer:,../models/v6-google--gemma-2-2b-delta0.15-epoch2--hypernym-concat-bananas-to-dogs-double-all--d2g--random--alpha1.0--tc-neg--full-completion--force-same-x--vallogodds--labelonly0.1
ducklings,image,1,single_token,no,-11.25,-0.125,-11.25,-0.125,-0.22773480415344238,Complete the sentence: ducklings are a kind of,Do you think ducklings are images? Answer:,../models/v6-google--gemma-2-2b-delta0.15-epoch2--hypernym-concat-bananas-to-dogs-double-all--d2g--random--alpha1.0--tc-neg--full-completion--force-same-x--vallogodds--labelonly0.1
ducklings,jelly,1,single_token,no,-23.25,-0.75,-23.25,-0.75,-0.3588688373565674,Complete the sentence: ducklings are a kind of,Do you think ducklings are jellies? Answer:,../models/v6-google--gemma-2-2b-delta0.15-epoch2--hypernym-concat-bananas-to-dogs-double-all--d2g--random--alpha1.0--tc-neg--full-completion--force-same-x--vallogodds--labelonly0.1
ducklings,development,1,single_token,no,-11.0,-0.125,-11.0,-0.125,-0.34672361612319946,Complete the sentence: ducklings are a kind of,Do you think ducklings are developments? Answer:,../models/v6-google--gemma-2-2b-delta0.15-epoch2--hypernym-concat-bananas-to-dogs-double-all--d2g--random--alpha1.0--tc-neg--full-completion--force-same-x--vallogodds--labelonly0.1
ducklings,stones,1,single_token,no,-29.625,-1.625,-29.625,-1.625,-0.7275023460388184,Complete the sentence: ducklings are a kind of,Do you think ducklings are stones? Answer:,../models/v6-google--gemma-2-2b-delta0.15-epoch2--hypernym-concat-bananas-to-dogs-double-all--d2g--random--alpha1.0--tc-neg--full-completion--force-same-x--vallogodds--labelonly0.1
ducklings,egg animal,2,2token,yes,-17.90625,-0.625,-8.953125,-0.3125,0.03810620307922363,Complete the sentence: ducklings are a kind of,Do you think ducklings are egg animals? Answer:,../models/v6-google--gemma-2-2b-delta0.15-epoch2--hypernym-concat-bananas-to-dogs-double-all--d2g--random--alpha1.0--tc-neg--full-completion--force-same-x--vallogodds--labelonly0.1
ducklings,message,1,single_token,no,-13.625,-0.8125,-13.625,-0.8125,-0.08023816347122192,Complete the sentence: ducklings are a kind of,Do you think ducklings are a message? Answer:,../models/v6-google--gemma-2-2b-delta0.15-epoch2--hypernym-concat-bananas-to-dogs-double-all--d2g--random--alpha1.0--tc-neg--full-completion--force-same-x--vallogodds--labelonly0.1
ducklings,buffalo,1,single_token,no,-17.25,-0.875,-17.25,-0.875,-0.6081851720809937,Complete the sentence: ducklings are a kind of,Do you think ducklings are buffalo? Answer:,../models/v6-google--gemma-2-2b-delta0.15-epoch2--hypernym-concat-bananas-to-dogs-double-all--d2g--random--alpha1.0--tc-neg--full-completion--force-same-x--vallogodds--labelonly0.1
ducklings,breast,1,single_token,no,-16.125,-0.4375,-16.125,-0.4375,-0.22609615325927734,Complete the sentence: ducklings are a kind of,Do you think ducklings are breasts? Answer:,../models/v6-google--gemma-2-2b-delta0.15-epoch2--hypernym-concat-bananas-to-dogs-double-all--d2g--random--alpha1.0--tc-neg--full-completion--force-same-x--vallogodds--labelonly0.1
ducklings,earth,1,gpt4_negative,no,-12.9375,-0.6875,-12.9375,-0.6875,-0.47904157638549805,Complete the sentence: ducklings are a kind of,Do you think ducklings are earth? Answer:,../models/v6-google--gemma-2-2b-delta0.15-epoch2--hypernym-concat-bananas-to-dogs-double-all--d2g--random--alpha1.0--tc-neg--full-completion--force-same-x--vallogodds--labelonly0.1
ducklings,child animal,2,2token,yes,-16.90625,-0.28125,-8.453125,-0.140625,0.039054036140441895,Complete the sentence: ducklings are a kind of,Do you think ducklings are child animals? Answer:,../models/v6-google--gemma-2-2b-delta0.15-epoch2--hypernym-concat-bananas-to-dogs-double-all--d2g--random--alpha1.0--tc-neg--full-completion--force-same-x--vallogodds--labelonly0.1
ducklings,new baby,2,2token,yes,-17.0,0.125,-8.5,0.0625,0.15547168254852295,Complete the sentence: ducklings are a kind of,Do you think ducklings are babies? Answer:,../models/v6-google--gemma-2-2b-delta0.15-epoch2--hypernym-concat-bananas-to-dogs-double-all--d2g--random--alpha1.0--tc-neg--full-completion--force-same-x--vallogodds--labelonly0.1
ducklings,bird,1,2token,yes,-10.875,-0.125,-10.875,-0.125,0.4154179096221924,Complete the sentence: ducklings are a kind of,Do you think ducklings are birds? Answer:,../models/v6-google--gemma-2-2b-delta0.15-epoch2--hypernym-concat-bananas-to-dogs-double-all--d2g--random--alpha1.0--tc-neg--full-completion--force-same-x--vallogodds--labelonly0.1
ducklings,learning,1,gpt4_negative,no,-12.875,-0.25,-12.875,-0.25,0.16624420881271362,Complete the sentence: ducklings are a kind of,Do you think ducklings are learning? Answer:,../models/v6-google--gemma-2-2b-delta0.15-epoch2--hypernym-concat-bananas-to-dogs-double-all--d2g--random--alpha1.0--tc-neg--full-completion--force-same-x--vallogodds--labelonly0.1
ducklings,anas,2,single_token,yes,-23.25,-0.125,-11.625,-0.0625,-0.22134840488433838,Complete the sentence: ducklings are a kind of,Do you think ducklings are anas? Answer:,../models/v6-google--gemma-2-2b-delta0.15-epoch2--hypernym-concat-bananas-to-dogs-double-all--d2g--random--alpha1.0--tc-neg--full-completion--force-same-x--vallogodds--labelonly0.1
ducklings,small poultry,2,2token,yes,-19.875,0.8125,-9.9375,0.40625,0.15813159942626953,Complete the sentence: ducklings are a kind of,Do you think ducklings are small poultry? Answer:,../models/v6-google--gemma-2-2b-delta0.15-epoch2--hypernym-concat-bananas-to-dogs-double-all--d2g--random--alpha1.0--tc-neg--full-completion--force-same-x--vallogodds--labelonly0.1
ducklings,beginning,1,single_token,yes,-18.125,-0.625,-18.125,-0.625,0.029539287090301514,Complete the sentence: ducklings are a kind of,Do you think ducklings are beginnings? Answer:,../models/v6-google--gemma-2-2b-delta0.15-epoch2--hypernym-concat-bananas-to-dogs-double-all--d2g--random--alpha1.0--tc-neg--full-completion--force-same-x--vallogodds--labelonly0.1
ducklings,wild life,2,2token,yes,-15.0,-0.28125,-7.5,-0.140625,0.15976399183273315,Complete the sentence: ducklings are a kind of,Do you think ducklings are wildlife? Answer:,../models/v6-google--gemma-2-2b-delta0.15-epoch2--hypernym-concat-bananas-to-dogs-double-all--d2g--random--alpha1.0--tc-neg--full-completion--force-same-x--vallogodds--labelonly0.1
ducklings,ad,1,single_token,no,-13.9375,-0.25,-13.9375,-0.25,-0.20545780658721924,Complete the sentence: ducklings are a kind of,Do you think ducklings are an ade? Answer:,../models/v6-google--gemma-2-2b-delta0.15-epoch2--hypernym-concat-bananas-to-dogs-double-all--d2g--random--alpha1.0--tc-neg--full-completion--force-same-x--vallogodds--labelonly0.1
ducklings,egg shell,2,2token,no,-21.375,-0.1875,-10.6875,-0.09375,-0.3469533920288086,Complete the sentence: ducklings are a kind of,Do you think ducklings are eggshells? Answer:,../models/v6-google--gemma-2-2b-delta0.15-epoch2--hypernym-concat-bananas-to-dogs-double-all--d2g--random--alpha1.0--tc-neg--full-completion--force-same-x--vallogodds--labelonly0.1
ducklings,noun,1,single_token,yes,-10.25,-0.5,-10.25,-0.5,-0.07822448015213013,Complete the sentence: ducklings are a kind of,Do you think ducklings are a noun? Answer:,../models/v6-google--gemma-2-2b-delta0.15-epoch2--hypernym-concat-bananas-to-dogs-double-all--d2g--random--alpha1.0--tc-neg--full-completion--force-same-x--vallogodds--labelonly0.1
ducklings,ave,1,single_token,yes,-20.375,-0.875,-20.375,-0.875,0.032448768615722656,Complete the sentence: ducklings are a kind of,Do you think ducklings are aves? Answer:,../models/v6-google--gemma-2-2b-delta0.15-epoch2--hypernym-concat-bananas-to-dogs-double-all--d2g--random--alpha1.0--tc-neg--full-completion--force-same-x--vallogodds--labelonly0.1
ducklings,neck,1,single_token,no,-17.5,-0.5,-17.5,-0.5,-0.35309815406799316,Complete the sentence: ducklings are a kind of,Do you think ducklings are necks? Answer:,../models/v6-google--gemma-2-2b-delta0.15-epoch2--hypernym-concat-bananas-to-dogs-double-all--d2g--random--alpha1.0--tc-neg--full-completion--force-same-x--vallogodds--labelonly0.1
ducklings,finger,1,single_token,no,-20.625,-1.125,-20.625,-1.125,-0.355873167514801,Complete the sentence: ducklings are a kind of,Do you think ducklings are fingers? Answer:,../models/v6-google--gemma-2-2b-delta0.15-epoch2--hypernym-concat-bananas-to-dogs-double-all--d2g--random--alpha1.0--tc-neg--full-completion--force-same-x--vallogodds--labelonly0.1
ducklings,call,1,single_token,no,-17.375,-0.625,-17.375,-0.625,-0.09894627332687378,Complete the sentence: ducklings are a kind of,Do you think ducklings are calling? Answer:,../models/v6-google--gemma-2-2b-delta0.15-epoch2--hypernym-concat-bananas-to-dogs-double-all--d2g--random--alpha1.0--tc-neg--full-completion--force-same-x--vallogodds--labelonly0.1
ducklings,juvenile animal,2,gpt4_positive,yes,-16.15625,0.890625,-8.078125,0.4453125,0.2853989601135254,Complete the sentence: ducklings are a kind of,Do you think ducklings are juvenile animals? Answer:,../models/v6-google--gemma-2-2b-delta0.15-epoch2--hypernym-concat-bananas-to-dogs-double-all--d2g--random--alpha1.0--tc-neg--full-completion--force-same-x--vallogodds--labelonly0.1
ducklings,duck family member,3,gpt4_positive,yes,-21.5625,-0.0625,-7.1875,-0.020833333333333332,0.03943443298339844,Complete the sentence: ducklings are a kind of,Do you think ducklings are a duck family member? Answer:,../models/v6-google--gemma-2-2b-delta0.15-epoch2--hypernym-concat-bananas-to-dogs-double-all--d2g--random--alpha1.0--tc-neg--full-completion--force-same-x--vallogodds--labelonly0.1
ducklings,living organism,2,2token,yes,-16.03125,-0.84375,-8.015625,-0.421875,0.42803955078125,Complete the sentence: ducklings are a kind of,Do you think ducklings are living organisms? Answer:,../models/v6-google--gemma-2-2b-delta0.15-epoch2--hypernym-concat-bananas-to-dogs-double-all--d2g--random--alpha1.0--tc-neg--full-completion--force-same-x--vallogodds--labelonly0.1
ducklings,addition,1,single_token,no,-15.5625,-0.1875,-15.5625,-0.1875,-0.2041890025138855,Complete the sentence: ducklings are a kind of,Do you think ducklings are an addition? Answer:,../models/v6-google--gemma-2-2b-delta0.15-epoch2--hypernym-concat-bananas-to-dogs-double-all--d2g--random--alpha1.0--tc-neg--full-completion--force-same-x--vallogodds--labelonly0.1
ducklings,arrival,1,single_token,no,-16.75,-0.375,-16.75,-0.375,-0.08895426988601685,Complete the sentence: ducklings are a kind of,Do you think ducklings are arrivals? Answer:,../models/v6-google--gemma-2-2b-delta0.15-epoch2--hypernym-concat-bananas-to-dogs-double-all--d2g--random--alpha1.0--tc-neg--full-completion--force-same-x--vallogodds--labelonly0.1
ducklings,chin,1,single_token,no,-20.5,-0.625,-20.5,-0.625,-0.34939998388290405,Complete the sentence: ducklings are a kind of,Do you think ducklings are chins? Answer:,../models/v6-google--gemma-2-2b-delta0.15-epoch2--hypernym-concat-bananas-to-dogs-double-all--d2g--random--alpha1.0--tc-neg--full-completion--force-same-x--vallogodds--labelonly0.1
ducklings,brain,1,single_token,no,-14.0625,-0.8125,-14.0625,-0.8125,-0.47731947898864746,Complete the sentence: ducklings are a kind of,Do you think ducklings are brains? Answer:,../models/v6-google--gemma-2-2b-delta0.15-epoch2--hypernym-concat-bananas-to-dogs-double-all--d2g--random--alpha1.0--tc-neg--full-completion--force-same-x--vallogodds--labelonly0.1
ducklings,name duck,2,2token,no,-21.0625,0.125,-10.53125,0.0625,-0.22322344779968262,Complete the sentence: ducklings are a kind of,Do you think ducklings are named ducks? Answer:,../models/v6-google--gemma-2-2b-delta0.15-epoch2--hypernym-concat-bananas-to-dogs-double-all--d2g--random--alpha1.0--tc-neg--full-completion--force-same-x--vallogodds--labelonly0.1
ducklings,new birth,2,2token,yes,-17.25,0.0,-8.625,0.0,0.1633228063583374,Complete the sentence: ducklings are a kind of,Do you think ducklings are new births? Answer:,../models/v6-google--gemma-2-2b-delta0.15-epoch2--hypernym-concat-bananas-to-dogs-double-all--d2g--random--alpha1.0--tc-neg--full-completion--force-same-x--vallogodds--labelonly0.1
ducklings,cry,1,single_token,no,-18.875,-1.0,-18.875,-1.0,-0.34937334060668945,Complete the sentence: ducklings are a kind of,Do you think ducklings are crying? Answer:,../models/v6-google--gemma-2-2b-delta0.15-epoch2--hypernym-concat-bananas-to-dogs-double-all--d2g--random--alpha1.0--tc-neg--full-completion--force-same-x--vallogodds--labelonly0.1
ducklings,pet,1,single_token,yes,-10.375,-0.625,-10.375,-0.625,-0.22193074226379395,Complete the sentence: ducklings are a kind of,Do you think ducklings are pets? Answer:,../models/v6-google--gemma-2-2b-delta0.15-epoch2--hypernym-concat-bananas-to-dogs-double-all--d2g--random--alpha1.0--tc-neg--full-completion--force-same-x--vallogodds--labelonly0.1
ducklings,live poultry,2,2token,yes,-19.8125,0.1875,-9.90625,0.09375,0.024454593658447266,Complete the sentence: ducklings are a kind of,Do you think ducklings are poultry? Answer:,../models/v6-google--gemma-2-2b-delta0.15-epoch2--hypernym-concat-bananas-to-dogs-double-all--d2g--random--alpha1.0--tc-neg--full-completion--force-same-x--vallogodds--labelonly0.1
ducklings,swan gooses,3,2token,no,-42.4375,-1.25,-14.145833333333334,-0.4166666666666667,-0.34336042404174805,Complete the sentence: ducklings are a kind of,Do you think ducklings are swan geese? Answer:,../models/v6-google--gemma-2-2b-delta0.15-epoch2--hypernym-concat-bananas-to-dogs-double-all--d2g--random--alpha1.0--tc-neg--full-completion--force-same-x--vallogodds--labelonly0.1
ducklings,tot,1,single_token,no,-18.0,-0.125,-18.0,-0.125,-0.09716802835464478,Complete the sentence: ducklings are a kind of,Do you think ducklings are tots? Answer:,../models/v6-google--gemma-2-2b-delta0.15-epoch2--hypernym-concat-bananas-to-dogs-double-all--d2g--random--alpha1.0--tc-neg--full-completion--force-same-x--vallogodds--labelonly0.1
ducklings,little baby,2,2token,yes,-16.4375,0.46875,-8.21875,0.234375,0.2873162031173706,Complete the sentence: ducklings are a kind of,Do you think ducklings are little babies? Answer:,../models/v6-google--gemma-2-2b-delta0.15-epoch2--hypernym-concat-bananas-to-dogs-double-all--d2g--random--alpha1.0--tc-neg--full-completion--force-same-x--vallogodds--labelonly0.1
ducklings,little dog,2,2token,no,-18.3125,0.21875,-9.15625,0.109375,-0.22169405221939087,Complete the sentence: ducklings are a kind of,Do you think ducklings are little dogs? Answer:,../models/v6-google--gemma-2-2b-delta0.15-epoch2--hypernym-concat-bananas-to-dogs-double-all--d2g--random--alpha1.0--tc-neg--full-completion--force-same-x--vallogodds--labelonly0.1
ducklings,solid,1,single_token,no,-14.75,-0.6875,-14.75,-0.6875,-0.33584630489349365,Complete the sentence: ducklings are a kind of,Do you think ducklings are a solid? Answer:,../models/v6-google--gemma-2-2b-delta0.15-epoch2--hypernym-concat-bananas-to-dogs-double-all--d2g--random--alpha1.0--tc-neg--full-completion--force-same-x--vallogodds--labelonly0.1
ducklings,banana,1,single_token,no,-23.25,-1.625,-23.25,-1.625,-0.6070805788040161,Complete the sentence: ducklings are a kind of,Do you think ducklings are bananas? Answer:,../models/v6-google--gemma-2-2b-delta0.15-epoch2--hypernym-concat-bananas-to-dogs-double-all--d2g--random--alpha1.0--tc-neg--full-completion--force-same-x--vallogodds--labelonly0.1
ducklings,farm animal,2,2token,yes,-17.046875,-1.265625,-8.5234375,-0.6328125,0.04449462890625,Complete the sentence: ducklings are a kind of,Do you think ducklings are farm animals? Answer:,../models/v6-google--gemma-2-2b-delta0.15-epoch2--hypernym-concat-bananas-to-dogs-double-all--d2g--random--alpha1.0--tc-neg--full-completion--force-same-x--vallogodds--labelonly0.1
ducklings,live creature,2,2token,yes,-15.5625,-0.15625,-7.78125,-0.078125,0.29463326930999756,Complete the sentence: ducklings are a kind of,Do you think ducklings are live creatures? Answer:,../models/v6-google--gemma-2-2b-delta0.15-epoch2--hypernym-concat-bananas-to-dogs-double-all--d2g--random--alpha1.0--tc-neg--full-completion--force-same-x--vallogodds--labelonly0.1
ducklings,little one,2,2token,yes,-16.9375,0.84375,-8.46875,0.421875,0.5480374097824097,Complete the sentence: ducklings are a kind of,Do you think ducklings are little ones? Answer:,../models/v6-google--gemma-2-2b-delta0.15-epoch2--hypernym-concat-bananas-to-dogs-double-all--d2g--random--alpha1.0--tc-neg--full-completion--force-same-x--vallogodds--labelonly0.1
ducklings,few,1,single_token,no,-15.6875,-0.0625,-15.6875,-0.0625,-0.21808570623397827,Complete the sentence: ducklings are a kind of,Do you think ducklings are few? Answer:,../models/v6-google--gemma-2-2b-delta0.15-epoch2--hypernym-concat-bananas-to-dogs-double-all--d2g--random--alpha1.0--tc-neg--full-completion--force-same-x--vallogodds--labelonly0.1
ducklings,fowl bird,2,2token,yes,-20.0625,-0.3125,-10.03125,-0.15625,0.039129436016082764,Complete the sentence: ducklings are a kind of,Do you think ducklings are fowl birds? Answer:,../models/v6-google--gemma-2-2b-delta0.15-epoch2--hypernym-concat-bananas-to-dogs-double-all--d2g--random--alpha1.0--tc-neg--full-completion--force-same-x--vallogodds--labelonly0.1
ducklings,fern,1,single_token,no,-25.75,-1.125,-25.75,-1.125,-0.7408278584480286,Complete the sentence: ducklings are a kind of,Do you think ducklings are ferns? Answer:,../models/v6-google--gemma-2-2b-delta0.15-epoch2--hypernym-concat-bananas-to-dogs-double-all--d2g--random--alpha1.0--tc-neg--full-completion--force-same-x--vallogodds--labelonly0.1
ducklings,an animal,2,2token,yes,-15.828125,-0.125,-7.9140625,-0.0625,0.2919922471046448,Complete the sentence: ducklings are a kind of,Do you think ducklings are animals? Answer:,../models/v6-google--gemma-2-2b-delta0.15-epoch2--hypernym-concat-bananas-to-dogs-double-all--d2g--random--alpha1.0--tc-neg--full-completion--force-same-x--vallogodds--labelonly0.1
ducklings,islands,1,gpt4_negative,no,-27.25,-1.625,-27.25,-1.625,-0.6126104593276978,Complete the sentence: ducklings are a kind of,Do you think ducklings are islands? Answer:,../models/v6-google--gemma-2-2b-delta0.15-epoch2--hypernym-concat-bananas-to-dogs-double-all--d2g--random--alpha1.0--tc-neg--full-completion--force-same-x--vallogodds--labelonly0.1
ducklings,riddle,1,single_token,no,-22.75,-1.625,-22.75,-1.625,-0.21691757440567017,Complete the sentence: ducklings are a kind of,Do you think ducklings are a riddle? Answer:,../models/v6-google--gemma-2-2b-delta0.15-epoch2--hypernym-concat-bananas-to-dogs-double-all--d2g--random--alpha1.0--tc-neg--full-completion--force-same-x--vallogodds--labelonly0.1
ducklings,infant,1,single_token,yes,-14.1875,0.375,-14.1875,0.375,-0.345084547996521,Complete the sentence: ducklings are a kind of,Do you think ducklings are infants? Answer:,../models/v6-google--gemma-2-2b-delta0.15-epoch2--hypernym-concat-bananas-to-dogs-double-all--d2g--random--alpha1.0--tc-neg--full-completion--force-same-x--vallogodds--labelonly0.1
ducklings,organism,1,2token,yes,-12.625,-0.6875,-12.625,-0.6875,0.16953927278518677,Complete the sentence: ducklings are a kind of,Do you think ducklings are organisms? Answer:,../models/v6-google--gemma-2-2b-delta0.15-epoch2--hypernym-concat-bananas-to-dogs-double-all--d2g--random--alpha1.0--tc-neg--full-completion--force-same-x--vallogodds--labelonly0.1
ducklings,ater,1,single_token,no,-23.25,-0.625,-23.25,-0.625,-0.21856439113616943,Complete the sentence: ducklings are a kind of,Do you think ducklings are water? Answer:,../models/v6-google--gemma-2-2b-delta0.15-epoch2--hypernym-concat-bananas-to-dogs-double-all--d2g--random--alpha1.0--tc-neg--full-completion--force-same-x--vallogodds--labelonly0.1
ducklings,information,1,gpt4_negative,no,-13.4375,-0.6875,-13.4375,-0.6875,-0.3467531204223633,Complete the sentence: ducklings are a kind of,Do you think ducklings are information? Answer:,../models/v6-google--gemma-2-2b-delta0.15-epoch2--hypernym-concat-bananas-to-dogs-double-all--d2g--random--alpha1.0--tc-neg--full-completion--force-same-x--vallogodds--labelonly0.1
ducklings,little one,2,2token,yes,-16.9375,0.84375,-8.46875,0.421875,0.5480374097824097,Complete the sentence: ducklings are a kind of,Do you think ducklings are little ones? Answer:,../models/v6-google--gemma-2-2b-delta0.15-epoch2--hypernym-concat-bananas-to-dogs-double-all--d2g--random--alpha1.0--tc-neg--full-completion--force-same-x--vallogodds--labelonly0.1
ducklings,plumage,1,single_token,no,-27.75,-0.75,-27.75,-0.75,-0.353374183177948,Complete the sentence: ducklings are a kind of,Do you think ducklings are plumage? Answer:,../models/v6-google--gemma-2-2b-delta0.15-epoch2--hypernym-concat-bananas-to-dogs-double-all--d2g--random--alpha1.0--tc-neg--full-completion--force-same-x--vallogodds--labelonly0.1
ducklings,turn,1,single_token,no,-18.25,-0.875,-18.25,-0.875,-0.47496187686920166,Complete the sentence: ducklings are a kind of,Do you think ducklings are turns? Answer:,../models/v6-google--gemma-2-2b-delta0.15-epoch2--hypernym-concat-bananas-to-dogs-double-all--d2g--random--alpha1.0--tc-neg--full-completion--force-same-x--vallogodds--labelonly0.1
ducklings,fowl bird,2,2token,yes,-20.0625,-0.3125,-10.03125,-0.15625,0.039129436016082764,Complete the sentence: ducklings are a kind of,Do you think ducklings are fowl birds? Answer:,../models/v6-google--gemma-2-2b-delta0.15-epoch2--hypernym-concat-bananas-to-dogs-double-all--d2g--random--alpha1.0--tc-neg--full-completion--force-same-x--vallogodds--labelonly0.1
ducklings,kill,1,single_token,no,-17.75,-1.0,-17.75,-1.0,-0.33668839931488037,Complete the sentence: ducklings are a kind of,Do you think ducklings are kills? Answer:,../models/v6-google--gemma-2-2b-delta0.15-epoch2--hypernym-concat-bananas-to-dogs-double-all--d2g--random--alpha1.0--tc-neg--full-completion--force-same-x--vallogodds--labelonly0.1
ducklings,property,1,single_token,yes,-12.0,-1.0,-12.0,-1.0,-0.34948790073394775,Complete the sentence: ducklings are a kind of,Do you think ducklings are properties? Answer:,../models/v6-google--gemma-2-2b-delta0.15-epoch2--hypernym-concat-bananas-to-dogs-double-all--d2g--random--alpha1.0--tc-neg--full-completion--force-same-x--vallogodds--labelonly0.1
ducklings,other poultry,2,2token,yes,-23.125,-1.25,-11.5625,-0.625,0.024454593658447266,Complete the sentence: ducklings are a kind of,Do you think ducklings are poultry? Answer:,../models/v6-google--gemma-2-2b-delta0.15-epoch2--hypernym-concat-bananas-to-dogs-double-all--d2g--random--alpha1.0--tc-neg--full-completion--force-same-x--vallogodds--labelonly0.1
ducklings,anger,1,single_token,no,-17.875,-1.375,-17.875,-1.375,-0.4563155770301819,Complete the sentence: ducklings are a kind of,Do you think ducklings are an anger? Answer:,../models/v6-google--gemma-2-2b-delta0.15-epoch2--hypernym-concat-bananas-to-dogs-double-all--d2g--random--alpha1.0--tc-neg--full-completion--force-same-x--vallogodds--labelonly0.1
ducklings,matter,1,gpt4_negative,yes,-14.125,-1.125,-14.125,-1.125,-0.4721633195877075,Complete the sentence: ducklings are a kind of,Do you think ducklings are matters? Answer:,../models/v6-google--gemma-2-2b-delta0.15-epoch2--hypernym-concat-bananas-to-dogs-double-all--d2g--random--alpha1.0--tc-neg--full-completion--force-same-x--vallogodds--labelonly0.1
ducklings,warm-blooded vertebrate,4,gpt4_positive,yes,-26.796875,-0.234375,-6.69921875,-0.05859375,0.03175228834152222,Complete the sentence: ducklings are a kind of,Do you think ducklings are warm-blooded vertebrates? Answer:,../models/v6-google--gemma-2-2b-delta0.15-epoch2--hypernym-concat-bananas-to-dogs-double-all--d2g--random--alpha1.0--tc-neg--full-completion--force-same-x--vallogodds--labelonly0.1
ducklings,' animal,2,2token,yes,-18.84375,-0.5,-9.421875,-0.25,0.2919922471046448,Complete the sentence: ducklings are a kind of,Do you think ducklings are animals? Answer:,../models/v6-google--gemma-2-2b-delta0.15-epoch2--hypernym-concat-bananas-to-dogs-double-all--d2g--random--alpha1.0--tc-neg--full-completion--force-same-x--vallogodds--labelonly0.1
ducklings,progeny,1,single_token,yes,-22.625,-0.125,-22.625,-0.125,-0.3502448797225952,Complete the sentence: ducklings are a kind of,Do you think ducklings are progeny? Answer:,../models/v6-google--gemma-2-2b-delta0.15-epoch2--hypernym-concat-bananas-to-dogs-double-all--d2g--random--alpha1.0--tc-neg--full-completion--force-same-x--vallogodds--labelonly0.1
ducklings,baby animal,2,2token,yes,-14.28125,0.0,-7.140625,0.0,0.42056846618652344,Complete the sentence: ducklings are a kind of,Do you think ducklings are baby animals? Answer:,../models/v6-google--gemma-2-2b-delta0.15-epoch2--hypernym-concat-bananas-to-dogs-double-all--d2g--random--alpha1.0--tc-neg--full-completion--force-same-x--vallogodds--labelonly0.1
ducklings,live fowl,2,2token,yes,-22.3125,0.0,-11.15625,0.0,0.03109210729598999,Complete the sentence: ducklings are a kind of,Do you think ducklings are live fowl? Answer:,../models/v6-google--gemma-2-2b-delta0.15-epoch2--hypernym-concat-bananas-to-dogs-double-all--d2g--random--alpha1.0--tc-neg--full-completion--force-same-x--vallogodds--labelonly0.1
ducklings,little creature,2,2token,yes,-13.9375,0.84375,-6.96875,0.421875,0.6593202948570251,Complete the sentence: ducklings are a kind of,Do you think ducklings are little creatures? Answer:,../models/v6-google--gemma-2-2b-delta0.15-epoch2--hypernym-concat-bananas-to-dogs-double-all--d2g--random--alpha1.0--tc-neg--full-completion--force-same-x--vallogodds--labelonly0.1
ducklings,wildlife,1,single_token,yes,-11.875,-0.375,-11.875,-0.375,0.15976399183273315,Complete the sentence: ducklings are a kind of,Do you think ducklings are wildlife? Answer:,../models/v6-google--gemma-2-2b-delta0.15-epoch2--hypernym-concat-bananas-to-dogs-double-all--d2g--random--alpha1.0--tc-neg--full-completion--force-same-x--vallogodds--labelonly0.1
ducklings,kind bird,2,2token,no,-11.765625,-0.09375,-5.8828125,-0.046875,0.4153820872306824,Complete the sentence: ducklings are a kind of,Do you think ducklings are kind birds? Answer:,../models/v6-google--gemma-2-2b-delta0.15-epoch2--hypernym-concat-bananas-to-dogs-double-all--d2g--random--alpha1.0--tc-neg--full-completion--force-same-x--vallogodds--labelonly0.1
ducklings,manner,1,single_token,no,-13.625,-0.4375,-13.625,-0.4375,-0.10508358478546143,Complete the sentence: ducklings are a kind of,Do you think ducklings are mannerly? Answer:,../models/v6-google--gemma-2-2b-delta0.15-epoch2--hypernym-concat-bananas-to-dogs-double-all--d2g--random--alpha1.0--tc-neg--full-completion--force-same-x--vallogodds--labelonly0.1
ducklings,learner,1,single_token,yes,-15.0625,-0.5,-15.0625,-0.5,-0.09103494882583618,Complete the sentence: ducklings are a kind of,Do you think ducklings are learners? Answer:,../models/v6-google--gemma-2-2b-delta0.15-epoch2--hypernym-concat-bananas-to-dogs-double-all--d2g--random--alpha1.0--tc-neg--full-completion--force-same-x--vallogodds--labelonly0.1
ducklings,scarfs,2,single_token,no,-32.75,-1.0,-16.375,-0.5,-0.47845757007598877,Complete the sentence: ducklings are a kind of,Do you think ducklings are scarves? Answer:,../models/v6-google--gemma-2-2b-delta0.15-epoch2--hypernym-concat-bananas-to-dogs-double-all--d2g--random--alpha1.0--tc-neg--full-completion--force-same-x--vallogodds--labelonly0.1
ducklings,experience,1,single_token,no,-12.25,-0.4375,-12.25,-0.4375,-0.22114241123199463,Complete the sentence: ducklings are a kind of,Do you think ducklings are experiences? Answer:,../models/v6-google--gemma-2-2b-delta0.15-epoch2--hypernym-concat-bananas-to-dogs-double-all--d2g--random--alpha1.0--tc-neg--full-completion--force-same-x--vallogodds--labelonly0.1
ducklings,genuse,2,single_token,no,-27.09375,-0.59375,-13.546875,-0.296875,-0.346449077129364,Complete the sentence: ducklings are a kind of,Do you think ducklings are a genus? Answer:,../models/v6-google--gemma-2-2b-delta0.15-epoch2--hypernym-concat-bananas-to-dogs-double-all--d2g--random--alpha1.0--tc-neg--full-completion--force-same-x--vallogodds--labelonly0.1
ducklings,son,1,single_token,no,-14.125,-0.25,-14.125,-0.25,-0.22644025087356567,Complete the sentence: ducklings are a kind of,Do you think ducklings are sons? Answer:,../models/v6-google--gemma-2-2b-delta0.15-epoch2--hypernym-concat-bananas-to-dogs-double-all--d2g--random--alpha1.0--tc-neg--full-completion--force-same-x--vallogodds--labelonly0.1
ducklings,quay,1,single_token,no,-26.25,-0.5,-26.25,-0.5,-0.4717411994934082,Complete the sentence: ducklings are a kind of,Do you think ducklings are quays? Answer:,../models/v6-google--gemma-2-2b-delta0.15-epoch2--hypernym-concat-bananas-to-dogs-double-all--d2g--random--alpha1.0--tc-neg--full-completion--force-same-x--vallogodds--labelonly0.1
ducklings,food animal,2,2token,yes,-24.90625,-2.0,-12.453125,-1.0,-0.08763736486434937,Complete the sentence: ducklings are a kind of,Do you think ducklings are food animals? Answer:,../models/v6-google--gemma-2-2b-delta0.15-epoch2--hypernym-concat-bananas-to-dogs-double-all--d2g--random--alpha1.0--tc-neg--full-completion--force-same-x--vallogodds--labelonly0.1
ducklings,new one,2,2token,no,-15.625,-0.125,-7.8125,-0.0625,0.04183399677276611,Complete the sentence: ducklings are a kind of,Do you think ducklings are new ones? Answer:,../models/v6-google--gemma-2-2b-delta0.15-epoch2--hypernym-concat-bananas-to-dogs-double-all--d2g--random--alpha1.0--tc-neg--full-completion--force-same-x--vallogodds--labelonly0.1
ducklings,laughter,1,single_token,no,-21.5,-1.125,-21.5,-1.125,-0.22764283418655396,Complete the sentence: ducklings are a kind of,Do you think ducklings are laughter? Answer:,../models/v6-google--gemma-2-2b-delta0.15-epoch2--hypernym-concat-bananas-to-dogs-double-all--d2g--random--alpha1.0--tc-neg--full-completion--force-same-x--vallogodds--labelonly0.1
ducklings,tale,1,single_token,no,-18.25,-0.625,-18.25,-0.625,-0.35207927227020264,Complete the sentence: ducklings are a kind of,Do you think ducklings are tales? Answer:,../models/v6-google--gemma-2-2b-delta0.15-epoch2--hypernym-concat-bananas-to-dogs-double-all--d2g--random--alpha1.0--tc-neg--full-completion--force-same-x--vallogodds--labelonly0.1
ducklings,hide,1,single_token,no,-21.375,-0.875,-21.375,-0.875,-0.4718819260597229,Complete the sentence: ducklings are a kind of,Do you think ducklings are hides? Answer:,../models/v6-google--gemma-2-2b-delta0.15-epoch2--hypernym-concat-bananas-to-dogs-double-all--d2g--random--alpha1.0--tc-neg--full-completion--force-same-x--vallogodds--labelonly0.1
ducklings,wild duckling,3,gpt4_positive,no,-22.96875,-0.71875,-7.65625,-0.23958333333333334,-0.08778244256973267,Complete the sentence: ducklings are a kind of,Do you think ducklings are wild ducklings? Answer:,../models/v6-google--gemma-2-2b-delta0.15-epoch2--hypernym-concat-bananas-to-dogs-double-all--d2g--random--alpha1.0--tc-neg--full-completion--force-same-x--vallogodds--labelonly0.1
ducklings,live vertebrate,2,2token,yes,-21.0625,0.0,-10.53125,0.0,0.1581924557685852,Complete the sentence: ducklings are a kind of,Do you think ducklings are vertebrates? Answer:,../models/v6-google--gemma-2-2b-delta0.15-epoch2--hypernym-concat-bananas-to-dogs-double-all--d2g--random--alpha1.0--tc-neg--full-completion--force-same-x--vallogodds--labelonly0.1
ducklings,an eagles,2,2token,no,-30.375,-0.1875,-15.1875,-0.09375,-0.6171135902404785,Complete the sentence: ducklings are a kind of,Do you think ducklings are eagles? Answer:,../models/v6-google--gemma-2-2b-delta0.15-epoch2--hypernym-concat-bananas-to-dogs-double-all--d2g--random--alpha1.0--tc-neg--full-completion--force-same-x--vallogodds--labelonly0.1
ducklings,fowl,1,single_token,yes,-14.5625,-0.25,-14.5625,-0.25,0.03917562961578369,Complete the sentence: ducklings are a kind of,Do you think ducklings are a fowl? Answer:,../models/v6-google--gemma-2-2b-delta0.15-epoch2--hypernym-concat-bananas-to-dogs-double-all--d2g--random--alpha1.0--tc-neg--full-completion--force-same-x--vallogodds--labelonly0.1
ducklings,surnames,1,single_token,no,-31.25,-1.5,-31.25,-1.5,-0.4788299798965454,Complete the sentence: ducklings are a kind of,Do you think ducklings are surnames? Answer:,../models/v6-google--gemma-2-2b-delta0.15-epoch2--hypernym-concat-bananas-to-dogs-double-all--d2g--random--alpha1.0--tc-neg--full-completion--force-same-x--vallogodds--labelonly0.1
ducklings,still,1,single_token,no,-16.625,0.125,-16.625,0.125,-0.20527273416519165,Complete the sentence: ducklings are a kind of,Do you think ducklings are still? Answer:,../models/v6-google--gemma-2-2b-delta0.15-epoch2--hypernym-concat-bananas-to-dogs-double-all--d2g--random--alpha1.0--tc-neg--full-completion--force-same-x--vallogodds--labelonly0.1
ducklings,bey,1,single_token,no,-24.25,-1.125,-24.25,-1.125,-0.33380353450775146,Complete the sentence: ducklings are a kind of,Do you think ducklings are beys? Answer:,../models/v6-google--gemma-2-2b-delta0.15-epoch2--hypernym-concat-bananas-to-dogs-double-all--d2g--random--alpha1.0--tc-neg--full-completion--force-same-x--vallogodds--labelonly0.1
ducklings,a fowl,2,2token,yes,-22.5,0.125,-11.25,0.0625,0.03619062900543213,Complete the sentence: ducklings are a kind of,Do you think ducklings are fowl? Answer:,../models/v6-google--gemma-2-2b-delta0.15-epoch2--hypernym-concat-bananas-to-dogs-double-all--d2g--random--alpha1.0--tc-neg--full-completion--force-same-x--vallogodds--labelonly0.1
ducklings,wild rabbit,2,2token,no,-19.25,-0.5625,-9.625,-0.28125,-0.3558512330055237,Complete the sentence: ducklings are a kind of,Do you think ducklings are wild rabbits? Answer:,../models/v6-google--gemma-2-2b-delta0.15-epoch2--hypernym-concat-bananas-to-dogs-double-all--d2g--random--alpha1.0--tc-neg--full-completion--force-same-x--vallogodds--labelonly0.1
ducklings,substitute,1,single_token,no,-15.5,-0.9375,-15.5,-0.9375,-0.21710169315338135,Complete the sentence: ducklings are a kind of,Do you think ducklings are a substitute? Answer:,../models/v6-google--gemma-2-2b-delta0.15-epoch2--hypernym-concat-bananas-to-dogs-double-all--d2g--random--alpha1.0--tc-neg--full-completion--force-same-x--vallogodds--labelonly0.1
ducklings,concretes,2,single_token,no,-37.3125,-1.0,-18.65625,-0.5,-0.7337157130241394,Complete the sentence: ducklings are a kind of,Do you think ducklings are concrete? Answer:,../models/v6-google--gemma-2-2b-delta0.15-epoch2--hypernym-concat-bananas-to-dogs-double-all--d2g--random--alpha1.0--tc-neg--full-completion--force-same-x--vallogodds--labelonly0.1
ducklings,cutie,1,single_token,yes,-16.625,0.125,-16.625,0.125,0.9211440086364746,Complete the sentence: ducklings are a kind of,Do you think ducklings are cuties? Answer:,../models/v6-google--gemma-2-2b-delta0.15-epoch2--hypernym-concat-bananas-to-dogs-double-all--d2g--random--alpha1.0--tc-neg--full-completion--force-same-x--vallogodds--labelonly0.1
ducklings,creature,1,single_token,yes,-7.0,-0.375,-7.0,-0.375,0.416703999042511,Complete the sentence: ducklings are a kind of,Do you think ducklings are creatures? Answer:,../models/v6-google--gemma-2-2b-delta0.15-epoch2--hypernym-concat-bananas-to-dogs-double-all--d2g--random--alpha1.0--tc-neg--full-completion--force-same-x--vallogodds--labelonly0.1
ducklings,bir d,2,2token,yes,-21.1875,0.4375,-10.59375,0.21875,0.4154179096221924,Complete the sentence: ducklings are a kind of,Do you think ducklings are birds? Answer:,../models/v6-google--gemma-2-2b-delta0.15-epoch2--hypernym-concat-bananas-to-dogs-double-all--d2g--random--alpha1.0--tc-neg--full-completion--force-same-x--vallogodds--labelonly0.1
ducklings,white rabbit,2,2token,no,-20.25,-0.03125,-10.125,-0.015625,-0.35698097944259644,Complete the sentence: ducklings are a kind of,Do you think ducklings are white rabbits? Answer:,../models/v6-google--gemma-2-2b-delta0.15-epoch2--hypernym-concat-bananas-to-dogs-double-all--d2g--random--alpha1.0--tc-neg--full-completion--force-same-x--vallogodds--labelonly0.1
ducklings,milk product,2,2token,no,-22.0,-1.0625,-11.0,-0.53125,-0.6132809519767761,Complete the sentence: ducklings are a kind of,Do you think ducklings are a milk product? Answer:,../models/v6-google--gemma-2-2b-delta0.15-epoch2--hypernym-concat-bananas-to-dogs-double-all--d2g--random--alpha1.0--tc-neg--full-completion--force-same-x--vallogodds--labelonly0.1
ducklings,creature,1,2token,yes,-7.0,-0.375,-7.0,-0.375,0.416703999042511,Complete the sentence: ducklings are a kind of,Do you think ducklings are creatures? Answer:,../models/v6-google--gemma-2-2b-delta0.15-epoch2--hypernym-concat-bananas-to-dogs-double-all--d2g--random--alpha1.0--tc-neg--full-completion--force-same-x--vallogodds--labelonly0.1
ducklings,developmental stage,2,gpt4_positive,yes,-20.8125,0.25,-10.40625,0.125,-0.21330827474594116,Complete the sentence: ducklings are a kind of,Do you think ducklings are a developmental stage? Answer:,../models/v6-google--gemma-2-2b-delta0.15-epoch2--hypernym-concat-bananas-to-dogs-double-all--d2g--random--alpha1.0--tc-neg--full-completion--force-same-x--vallogodds--labelonly0.1
ducklings,bird offspring,2,gpt4_positive,yes,-20.625,0.125,-10.3125,0.0625,0.41186851263046265,Complete the sentence: ducklings are a kind of,Do you think ducklings are bird offspring? Answer:,../models/v6-google--gemma-2-2b-delta0.15-epoch2--hypernym-concat-bananas-to-dogs-double-all--d2g--random--alpha1.0--tc-neg--full-completion--force-same-x--vallogodds--labelonly0.1
ducklings,turtle egg,2,2token,no,-24.84375,-1.4375,-12.421875,-0.71875,-0.47292643785476685,Complete the sentence: ducklings are a kind of,Do you think ducklings are turtle eggs? Answer:,../models/v6-google--gemma-2-2b-delta0.15-epoch2--hypernym-concat-bananas-to-dogs-double-all--d2g--random--alpha1.0--tc-neg--full-completion--force-same-x--vallogodds--labelonly0.1
ducklings,killing,1,single_token,no,-14.9375,-1.0625,-14.9375,-1.0625,-0.3485046625137329,Complete the sentence: ducklings are a kind of,Do you think ducklings are killers? Answer:,../models/v6-google--gemma-2-2b-delta0.15-epoch2--hypernym-concat-bananas-to-dogs-double-all--d2g--random--alpha1.0--tc-neg--full-completion--force-same-x--vallogodds--labelonly0.1
ducklings,ferries,1,single_token,no,-26.5,-1.625,-26.5,-1.625,-0.6058278679847717,Complete the sentence: ducklings are a kind of,Do you think ducklings are ferries? Answer:,../models/v6-google--gemma-2-2b-delta0.15-epoch2--hypernym-concat-bananas-to-dogs-double-all--d2g--random--alpha1.0--tc-neg--full-completion--force-same-x--vallogodds--labelonly0.1
ducklings,song animal,2,2token,no,-21.59375,-0.96875,-10.796875,-0.484375,0.02501922845840454,Complete the sentence: ducklings are a kind of,Do you think ducklings are song animals? Answer:,../models/v6-google--gemma-2-2b-delta0.15-epoch2--hypernym-concat-bananas-to-dogs-double-all--d2g--random--alpha1.0--tc-neg--full-completion--force-same-x--vallogodds--labelonly0.1
ducklings,preparation,1,single_token,no,-16.375,-0.375,-16.375,-0.375,-0.3273187279701233,Complete the sentence: ducklings are a kind of,Do you think ducklings are a preparation? Answer:,../models/v6-google--gemma-2-2b-delta0.15-epoch2--hypernym-concat-bananas-to-dogs-double-all--d2g--random--alpha1.0--tc-neg--full-completion--force-same-x--vallogodds--labelonly0.1
ducklings,other creature,2,2token,no,-16.90625,-1.3125,-8.453125,-0.65625,0.04502290487289429,Complete the sentence: ducklings are a kind of,Do you think ducklings are other creatures? Answer:,../models/v6-google--gemma-2-2b-delta0.15-epoch2--hypernym-concat-bananas-to-dogs-double-all--d2g--random--alpha1.0--tc-neg--full-completion--force-same-x--vallogodds--labelonly0.1
ducklings,exception,1,single_token,yes,-19.625,-1.5,-19.625,-1.5,0.15929824113845825,Complete the sentence: ducklings are a kind of,Do you think ducklings are exceptions? Answer:,../models/v6-google--gemma-2-2b-delta0.15-epoch2--hypernym-concat-bananas-to-dogs-double-all--d2g--random--alpha1.0--tc-neg--full-completion--force-same-x--vallogodds--labelonly0.1
ducklings,amount,1,single_token,no,-17.5,-1.125,-17.5,-1.125,-0.3356468677520752,Complete the sentence: ducklings are a kind of,Do you think ducklings are an amount? Answer:,../models/v6-google--gemma-2-2b-delta0.15-epoch2--hypernym-concat-bananas-to-dogs-double-all--d2g--random--alpha1.0--tc-neg--full-completion--force-same-x--vallogodds--labelonly0.1
ducklings,imitation,1,single_token,no,-16.625,-0.125,-16.625,-0.125,-0.09899890422821045,Complete the sentence: ducklings are a kind of,Do you think ducklings are imitations? Answer:,../models/v6-google--gemma-2-2b-delta0.15-epoch2--hypernym-concat-bananas-to-dogs-double-all--d2g--random--alpha1.0--tc-neg--full-completion--force-same-x--vallogodds--labelonly0.1
ducklings,beautys,2,single_token,yes,-27.59375,-0.875,-13.796875,-0.4375,0.03829646110534668,Complete the sentence: ducklings are a kind of,Do you think ducklings are beauties? Answer:,../models/v6-google--gemma-2-2b-delta0.15-epoch2--hypernym-concat-bananas-to-dogs-double-all--d2g--random--alpha1.0--tc-neg--full-completion--force-same-x--vallogodds--labelonly0.1
ducklings,content,1,single_token,no,-18.25,-1.0,-18.25,-1.0,-0.21386778354644775,Complete the sentence: ducklings are a kind of,Do you think ducklings are content? Answer:,../models/v6-google--gemma-2-2b-delta0.15-epoch2--hypernym-concat-bananas-to-dogs-double-all--d2g--random--alpha1.0--tc-neg--full-completion--force-same-x--vallogodds--labelonly0.1
ducklings,environment,1,single_token,no,-13.0625,-0.8125,-13.0625,-0.8125,-0.21671700477600098,Complete the sentence: ducklings are a kind of,Do you think ducklings are an environment? Answer:,../models/v6-google--gemma-2-2b-delta0.15-epoch2--hypernym-concat-bananas-to-dogs-double-all--d2g--random--alpha1.0--tc-neg--full-completion--force-same-x--vallogodds--labelonly0.1
ducklings,survival,1,single_token,no,-14.5625,-0.375,-14.5625,-0.375,0.4203428626060486,Complete the sentence: ducklings are a kind of,Do you think ducklings are survivors? Answer:,../models/v6-google--gemma-2-2b-delta0.15-epoch2--hypernym-concat-bananas-to-dogs-double-all--d2g--random--alpha1.0--tc-neg--full-completion--force-same-x--vallogodds--labelonly0.1
ducklings,quick,1,single_token,no,-10.5,0.25,-10.5,0.25,0.4228705167770386,Complete the sentence: ducklings are a kind of,Do you think ducklings are quick? Answer:,../models/v6-google--gemma-2-2b-delta0.15-epoch2--hypernym-concat-bananas-to-dogs-double-all--d2g--random--alpha1.0--tc-neg--full-completion--force-same-x--vallogodds--labelonly0.1
ducklings,domestic mammal,2,2token,no,-14.25,0.28125,-7.125,0.140625,-0.3469533920288086,Complete the sentence: ducklings are a kind of,Do you think ducklings are domestic mammals? Answer:,../models/v6-google--gemma-2-2b-delta0.15-epoch2--hypernym-concat-bananas-to-dogs-double-all--d2g--random--alpha1.0--tc-neg--full-completion--force-same-x--vallogodds--labelonly0.1
ducklings,wild thing,2,2token,yes,-13.5,-0.65625,-6.75,-0.328125,0.0317310094833374,Complete the sentence: ducklings are a kind of,Do you think ducklings are wild things? Answer:,../models/v6-google--gemma-2-2b-delta0.15-epoch2--hypernym-concat-bananas-to-dogs-double-all--d2g--random--alpha1.0--tc-neg--full-completion--force-same-x--vallogodds--labelonly0.1
ducklings,white flower,2,2token,no,-23.8125,-0.5625,-11.90625,-0.28125,-0.603377103805542,Complete the sentence: ducklings are a kind of,Do you think ducklings are white flowers? Answer:,../models/v6-google--gemma-2-2b-delta0.15-epoch2--hypernym-concat-bananas-to-dogs-double-all--d2g--random--alpha1.0--tc-neg--full-completion--force-same-x--vallogodds--labelonly0.1
ducklings,hopes,1,gpt4_negative,yes,-21.875,-0.375,-21.875,-0.375,-0.08889901638031006,Complete the sentence: ducklings are a kind of,Do you think ducklings are hopes? Answer:,../models/v6-google--gemma-2-2b-delta0.15-epoch2--hypernym-concat-bananas-to-dogs-double-all--d2g--random--alpha1.0--tc-neg--full-completion--force-same-x--vallogodds--labelonly0.1
ducklings,name,1,2token,yes,-12.9375,-0.1875,-12.9375,-0.1875,-0.22186321020126343,Complete the sentence: ducklings are a kind of,Do you think ducklings are nouns? Answer:,../models/v6-google--gemma-2-2b-delta0.15-epoch2--hypernym-concat-bananas-to-dogs-double-all--d2g--random--alpha1.0--tc-neg--full-completion--force-same-x--vallogodds--labelonly0.1
ducklings,death,1,gpt4_negative,no,-16.25,-1.375,-16.25,-1.375,-0.5903768539428711,Complete the sentence: ducklings are a kind of,Do you think ducklings are deaths? Answer:,../models/v6-google--gemma-2-2b-delta0.15-epoch2--hypernym-concat-bananas-to-dogs-double-all--d2g--random--alpha1.0--tc-neg--full-completion--force-same-x--vallogodds--labelonly0.1
ducklings,reality,1,gpt4_negative,no,-18.375,-1.375,-18.375,-1.375,-0.35330307483673096,Complete the sentence: ducklings are a kind of,Do you think ducklings are a reality? Answer:,../models/v6-google--gemma-2-2b-delta0.15-epoch2--hypernym-concat-bananas-to-dogs-double-all--d2g--random--alpha1.0--tc-neg--full-completion--force-same-x--vallogodds--labelonly0.1
ducklings,government,1,gpt4_negative,no,-12.875,-0.75,-12.875,-0.75,-0.48096102476119995,Complete the sentence: ducklings are a kind of,Do you think ducklings are governments? Answer:,../models/v6-google--gemma-2-2b-delta0.15-epoch2--hypernym-concat-bananas-to-dogs-double-all--d2g--random--alpha1.0--tc-neg--full-completion--force-same-x--vallogodds--labelonly0.1
ducklings,bir species,2,2token,yes,-18.6875,0.46875,-9.34375,0.234375,0.15728062391281128,Complete the sentence: ducklings are a kind of,Do you think ducklings are a bird species? Answer:,../models/v6-google--gemma-2-2b-delta0.15-epoch2--hypernym-concat-bananas-to-dogs-double-all--d2g--random--alpha1.0--tc-neg--full-completion--force-same-x--vallogodds--labelonly0.1
ducklings,female pigeon,2,2token,no,-24.0,0.625,-12.0,0.3125,-0.09631454944610596,Complete the sentence: ducklings are a kind of,Do you think ducklings are female pigeons? Answer:,../models/v6-google--gemma-2-2b-delta0.15-epoch2--hypernym-concat-bananas-to-dogs-double-all--d2g--random--alpha1.0--tc-neg--full-completion--force-same-x--vallogodds--labelonly0.1
ducklings,this bird,2,2token,yes,-19.0625,-0.0625,-9.53125,-0.03125,0.4154179096221924,Complete the sentence: ducklings are a kind of,Do you think ducklings are birds? Answer:,../models/v6-google--gemma-2-2b-delta0.15-epoch2--hypernym-concat-bananas-to-dogs-double-all--d2g--random--alpha1.0--tc-neg--full-completion--force-same-x--vallogodds--labelonly0.1
ducklings,waterfowl,1,2token,yes,-18.375,0.125,-18.375,0.125,0.28465747833251953,Complete the sentence: ducklings are a kind of,Do you think ducklings are waterfowl birds? Answer:,../models/v6-google--gemma-2-2b-delta0.15-epoch2--hypernym-concat-bananas-to-dogs-double-all--d2g--random--alpha1.0--tc-neg--full-completion--force-same-x--vallogodds--labelonly0.1
ducklings,effect,1,gpt4_negative,no,-17.125,-1.125,-17.125,-1.125,-0.20992082357406616,Complete the sentence: ducklings are a kind of,Do you think ducklings are effects? Answer:,../models/v6-google--gemma-2-2b-delta0.15-epoch2--hypernym-concat-bananas-to-dogs-double-all--d2g--random--alpha1.0--tc-neg--full-completion--force-same-x--vallogodds--labelonly0.1
ducklings,girl frog,2,2token,no,-28.6875,-0.625,-14.34375,-0.3125,-0.2179166078567505,Complete the sentence: ducklings are a kind of,Do you think ducklings are girl frogs? Answer:,../models/v6-google--gemma-2-2b-delta0.15-epoch2--hypernym-concat-bananas-to-dogs-double-all--d2g--random--alpha1.0--tc-neg--full-completion--force-same-x--vallogodds--labelonly0.1
ducklings,amniote,2,gpt4_positive,yes,-25.5625,-0.875,-12.78125,-0.4375,-0.21909266710281372,Complete the sentence: ducklings are a kind of,Do you think ducklings are amniotes? Answer:,../models/v6-google--gemma-2-2b-delta0.15-epoch2--hypernym-concat-bananas-to-dogs-double-all--d2g--random--alpha1.0--tc-neg--full-completion--force-same-x--vallogodds--labelonly0.1
ducklings,' poultry,2,2token,yes,-23.6875,-0.0625,-11.84375,-0.03125,0.024454593658447266,Complete the sentence: ducklings are a kind of,Do you think ducklings are poultry? Answer:,../models/v6-google--gemma-2-2b-delta0.15-epoch2--hypernym-concat-bananas-to-dogs-double-all--d2g--random--alpha1.0--tc-neg--full-completion--force-same-x--vallogodds--labelonly0.1
ducklings,farm poultry,2,2token,yes,-22.3125,-0.8125,-11.15625,-0.40625,-0.09158915281295776,Complete the sentence: ducklings are a kind of,Do you think ducklings are farm poultry? Answer:,../models/v6-google--gemma-2-2b-delta0.15-epoch2--hypernym-concat-bananas-to-dogs-double-all--d2g--random--alpha1.0--tc-neg--full-completion--force-same-x--vallogodds--labelonly0.1
ducklings,duck hatchling,3,gpt4_positive,yes,-26.40625,-0.1875,-8.802083333333334,-0.0625,0.15423178672790527,Complete the sentence: ducklings are a kind of,Do you think ducklings are duck hatchlings? Answer:,../models/v6-google--gemma-2-2b-delta0.15-epoch2--hypernym-concat-bananas-to-dogs-double-all--d2g--random--alpha1.0--tc-neg--full-completion--force-same-x--vallogodds--labelonly0.1
ducklings,penguin,1,2token,no,-21.625,-1.0,-21.625,-1.0,-0.34308379888534546,Complete the sentence: ducklings are a kind of,Do you think ducklings are penguin animals? Answer:,../models/v6-google--gemma-2-2b-delta0.15-epoch2--hypernym-concat-bananas-to-dogs-double-all--d2g--random--alpha1.0--tc-neg--full-completion--force-same-x--vallogodds--labelonly0.1
ducklings,visions,1,gpt4_negative,no,-28.875,-1.5,-28.875,-1.5,-0.35210156440734863,Complete the sentence: ducklings are a kind of,Do you think ducklings are visions? Answer:,../models/v6-google--gemma-2-2b-delta0.15-epoch2--hypernym-concat-bananas-to-dogs-double-all--d2g--random--alpha1.0--tc-neg--full-completion--force-same-x--vallogodds--labelonly0.1
ducklings,food item,2,2token,yes,-22.671875,-1.890625,-11.3359375,-0.9453125,-0.21034890413284302,Complete the sentence: ducklings are a kind of,Do you think ducklings are a food item? Answer:,../models/v6-google--gemma-2-2b-delta0.15-epoch2--hypernym-concat-bananas-to-dogs-double-all--d2g--random--alpha1.0--tc-neg--full-completion--force-same-x--vallogodds--labelonly0.1
ducklings,signals,1,gpt4_negative,no,-22.125,-1.125,-22.125,-1.125,-0.10219937562942505,Complete the sentence: ducklings are a kind of,Do you think ducklings are signals? Answer:,../models/v6-google--gemma-2-2b-delta0.15-epoch2--hypernym-concat-bananas-to-dogs-double-all--d2g--random--alpha1.0--tc-neg--full-completion--force-same-x--vallogodds--labelonly0.1
ducklings,noun,1,2token,yes,-10.25,-0.5,-10.25,-0.5,-0.19796276092529297,Complete the sentence: ducklings are a kind of,Do you think ducklings are noun words? Answer:,../models/v6-google--gemma-2-2b-delta0.15-epoch2--hypernym-concat-bananas-to-dogs-double-all--d2g--random--alpha1.0--tc-neg--full-completion--force-same-x--vallogodds--labelonly0.1
ducklings,type,1,2token,no,-3.484375,0.125,-3.484375,0.125,-0.3334444761276245,Complete the sentence: ducklings are a kind of,Do you think ducklings are type names? Answer:,../models/v6-google--gemma-2-2b-delta0.15-epoch2--hypernym-concat-bananas-to-dogs-double-all--d2g--random--alpha1.0--tc-neg--full-completion--force-same-x--vallogodds--labelonly0.1
ducklings,fates,1,gpt4_negative,no,-29.375,-0.625,-29.375,-0.625,-0.34657609462738037,Complete the sentence: ducklings are a kind of,Do you think ducklings are fates? Answer:,../models/v6-google--gemma-2-2b-delta0.15-epoch2--hypernym-concat-bananas-to-dogs-double-all--d2g--random--alpha1.0--tc-neg--full-completion--force-same-x--vallogodds--labelonly0.1
ducklings,chance,1,gpt4_negative,no,-17.0,-1.0,-17.0,-1.0,0.17901402711868286,Complete the sentence: ducklings are a kind of,Do you think ducklings are a possibility? Answer:,../models/v6-google--gemma-2-2b-delta0.15-epoch2--hypernym-concat-bananas-to-dogs-double-all--d2g--random--alpha1.0--tc-neg--full-completion--force-same-x--vallogodds--labelonly0.1
ducklings,hatch egg,2,2token,no,-18.4375,-0.125,-9.21875,-0.0625,0.40868258476257324,Complete the sentence: ducklings are a kind of,Do you think ducklings are hatched from eggs? Answer:,../models/v6-google--gemma-2-2b-delta0.15-epoch2--hypernym-concat-bananas-to-dogs-double-all--d2g--random--alpha1.0--tc-neg--full-completion--force-same-x--vallogodds--labelonly0.1
ducklings,store,1,gpt4_negative,no,-16.75,-1.0625,-16.75,-1.0625,-0.4679107666015625,Complete the sentence: ducklings are a kind of,Do you think ducklings are a store? Answer:,../models/v6-google--gemma-2-2b-delta0.15-epoch2--hypernym-concat-bananas-to-dogs-double-all--d2g--random--alpha1.0--tc-neg--full-completion--force-same-x--vallogodds--labelonly0.1
ducklings,luck,1,gpt4_negative,no,-17.75,-0.875,-17.75,-0.875,0.4104803800582886,Complete the sentence: ducklings are a kind of,Do you think ducklings are lucky? Answer:,../models/v6-google--gemma-2-2b-delta0.15-epoch2--hypernym-concat-bananas-to-dogs-double-all--d2g--random--alpha1.0--tc-neg--full-completion--force-same-x--vallogodds--labelonly0.1
ducklings,window,1,gpt4_negative,no,-16.125,-0.3125,-16.125,-0.3125,-0.4715079665184021,Complete the sentence: ducklings are a kind of,Do you think ducklings are a window? Answer:,../models/v6-google--gemma-2-2b-delta0.15-epoch2--hypernym-concat-bananas-to-dogs-double-all--d2g--random--alpha1.0--tc-neg--full-completion--force-same-x--vallogodds--labelonly0.1
ducklings,milk cow,2,2token,no,-25.375,-1.3125,-12.6875,-0.65625,-0.6065953373908997,Complete the sentence: ducklings are a kind of,Do you think ducklings are milk cows? Answer:,../models/v6-google--gemma-2-2b-delta0.15-epoch2--hypernym-concat-bananas-to-dogs-double-all--d2g--random--alpha1.0--tc-neg--full-completion--force-same-x--vallogodds--labelonly0.1
ducklings,domesticated species,2,gpt4_positive,no,-13.8125,-0.09375,-6.90625,-0.046875,0.03742039203643799,Complete the sentence: ducklings are a kind of,Do you think ducklings are a domesticated species? Answer:,../models/v6-google--gemma-2-2b-delta0.15-epoch2--hypernym-concat-bananas-to-dogs-double-all--d2g--random--alpha1.0--tc-neg--full-completion--force-same-x--vallogodds--labelonly0.1
ducklings,attitude,1,gpt4_negative,no,-18.25,-0.875,-18.25,-0.875,0.04162412881851196,Complete the sentence: ducklings are a kind of,Do you think ducklings are an attitude? Answer:,../models/v6-google--gemma-2-2b-delta0.15-epoch2--hypernym-concat-bananas-to-dogs-double-all--d2g--random--alpha1.0--tc-neg--full-completion--force-same-x--vallogodds--labelonly0.1
ducklings,animal product,2,gpt4_positive,yes,-9.171875,0.171875,-4.5859375,0.0859375,-0.20499420166015625,Complete the sentence: ducklings are a kind of,Do you think ducklings are animal products? Answer:,../models/v6-google--gemma-2-2b-delta0.15-epoch2--hypernym-concat-bananas-to-dogs-double-all--d2g--random--alpha1.0--tc-neg--full-completion--force-same-x--vallogodds--labelonly0.1
ducklings,baby feathered animal,3,gpt4_positive,yes,-26.0625,0.265625,-8.6875,0.08854166666666667,0.4110208749771118,Complete the sentence: ducklings are a kind of,Do you think ducklings are baby feathered animals? Answer:,../models/v6-google--gemma-2-2b-delta0.15-epoch2--hypernym-concat-bananas-to-dogs-double-all--d2g--random--alpha1.0--tc-neg--full-completion--force-same-x--vallogodds--labelonly0.1
ducklings,feather animal,2,2token,yes,-26.0,-1.15625,-13.0,-0.578125,0.29414111375808716,Complete the sentence: ducklings are a kind of,Do you think ducklings are feathered animals? Answer:,../models/v6-google--gemma-2-2b-delta0.15-epoch2--hypernym-concat-bananas-to-dogs-double-all--d2g--random--alpha1.0--tc-neg--full-completion--force-same-x--vallogodds--labelonly0.1
ducklings,animal model,2,gpt4_positive,yes,-11.5625,0.03125,-5.78125,0.015625,-0.21486049890518188,Complete the sentence: ducklings are a kind of,Do you think ducklings are animal models? Answer:,../models/v6-google--gemma-2-2b-delta0.15-epoch2--hypernym-concat-bananas-to-dogs-double-all--d2g--random--alpha1.0--tc-neg--full-completion--force-same-x--vallogodds--labelonly0.1
ducklings,dinosaur bird,2,2token,yes,-23.0625,-1.5625,-11.53125,-0.78125,-0.22199857234954834,Complete the sentence: ducklings are a kind of,Do you think ducklings are dinosaur birds? Answer:,../models/v6-google--gemma-2-2b-delta0.15-epoch2--hypernym-concat-bananas-to-dogs-double-all--d2g--random--alpha1.0--tc-neg--full-completion--force-same-x--vallogodds--labelonly0.1
ducklings,living specie,2,2token,yes,-21.1875,-0.6875,-10.59375,-0.34375,0.17643070220947266,Complete the sentence: ducklings are a kind of,Do you think ducklings are a living species? Answer:,../models/v6-google--gemma-2-2b-delta0.15-epoch2--hypernym-concat-bananas-to-dogs-double-all--d2g--random--alpha1.0--tc-neg--full-completion--force-same-x--vallogodds--labelonly0.1
ducklings,farm stock,2,2token,yes,-21.5625,-0.8125,-10.78125,-0.40625,-0.2239319086074829,Complete the sentence: ducklings are a kind of,Do you think ducklings are farm stock? Answer:,../models/v6-google--gemma-2-2b-delta0.15-epoch2--hypernym-concat-bananas-to-dogs-double-all--d2g--random--alpha1.0--tc-neg--full-completion--force-same-x--vallogodds--labelonly0.1
ducklings,bird hatchling,3,gpt4_positive,yes,-26.25,-0.46875,-8.75,-0.15625,0.1616416573524475,Complete the sentence: ducklings are a kind of,Do you think ducklings are bird hatchlings? Answer:,../models/v6-google--gemma-2-2b-delta0.15-epoch2--hypernym-concat-bananas-to-dogs-double-all--d2g--random--alpha1.0--tc-neg--full-completion--force-same-x--vallogodds--labelonly0.1
ducklings,evaluation,1,gpt4_negative,no,-21.125,-1.25,-21.125,-1.25,-0.3432002067565918,Complete the sentence: ducklings are a kind of,Do you think ducklings are evaluations? Answer:,../models/v6-google--gemma-2-2b-delta0.15-epoch2--hypernym-concat-bananas-to-dogs-double-all--d2g--random--alpha1.0--tc-neg--full-completion--force-same-x--vallogodds--labelonly0.1
ducklings,hardware,1,gpt4_negative,no,-14.25,-1.0,-14.25,-1.0,-0.47201085090637207,Complete the sentence: ducklings are a kind of,Do you think ducklings are hardware? Answer:,../models/v6-google--gemma-2-2b-delta0.15-epoch2--hypernym-concat-bananas-to-dogs-double-all--d2g--random--alpha1.0--tc-neg--full-completion--force-same-x--vallogodds--labelonly0.1
ducklings,larva duck,2,2token,no,-29.8125,-0.375,-14.90625,-0.1875,-0.08762186765670776,Complete the sentence: ducklings are a kind of,Do you think ducklings are larva ducks? Answer:,../models/v6-google--gemma-2-2b-delta0.15-epoch2--hypernym-concat-bananas-to-dogs-double-all--d2g--random--alpha1.0--tc-neg--full-completion--force-same-x--vallogodds--labelonly0.1
ducklings,living something,2,2token,yes,-20.75,-0.75,-10.375,-0.375,0.5801315307617188,Complete the sentence: ducklings are a kind of,Do you think ducklings are a living something? Answer:,../models/v6-google--gemma-2-2b-delta0.15-epoch2--hypernym-concat-bananas-to-dogs-double-all--d2g--random--alpha1.0--tc-neg--full-completion--force-same-x--vallogodds--labelonly0.1
ducklings,cat toy,2,2token,no,-20.34375,-1.34375,-10.171875,-0.671875,-0.35955995321273804,Complete the sentence: ducklings are a kind of,Do you think ducklings are a cat toy? Answer:,../models/v6-google--gemma-2-2b-delta0.15-epoch2--hypernym-concat-bananas-to-dogs-double-all--d2g--random--alpha1.0--tc-neg--full-completion--force-same-x--vallogodds--labelonly0.1
ducklings,alert,1,gpt4_negative,no,-17.5,-0.75,-17.5,-0.75,0.16828083992004395,Complete the sentence: ducklings are a kind of,Do you think ducklings are alert? Answer:,../models/v6-google--gemma-2-2b-delta0.15-epoch2--hypernym-concat-bananas-to-dogs-double-all--d2g--random--alpha1.0--tc-neg--full-completion--force-same-x--vallogodds--labelonly0.1
ducklings,achievement,1,gpt4_negative,no,-14.75,-0.625,-14.75,-0.625,-0.22904551029205322,Complete the sentence: ducklings are a kind of,Do you think ducklings are achievements? Answer:,../models/v6-google--gemma-2-2b-delta0.15-epoch2--hypernym-concat-bananas-to-dogs-double-all--d2g--random--alpha1.0--tc-neg--full-completion--force-same-x--vallogodds--labelonly0.1
ducklings,terminals,1,gpt4_negative,no,-25.0,-1.0,-25.0,-1.0,-0.34731805324554443,Complete the sentence: ducklings are a kind of,Do you think ducklings are terminals? Answer:,../models/v6-google--gemma-2-2b-delta0.15-epoch2--hypernym-concat-bananas-to-dogs-double-all--d2g--random--alpha1.0--tc-neg--full-completion--force-same-x--vallogodds--labelonly0.1
ducklings,duckling offspring,3,gpt4_positive,yes,-27.5625,-0.21875,-9.1875,-0.07291666666666667,0.29216229915618896,Complete the sentence: ducklings are a kind of,Do you think ducklings are duckling offspring? Answer:,../models/v6-google--gemma-2-2b-delta0.15-epoch2--hypernym-concat-bananas-to-dogs-double-all--d2g--random--alpha1.0--tc-neg--full-completion--force-same-x--vallogodds--labelonly0.1
ducklings,management,1,gpt4_negative,no,-14.0,-0.5625,-14.0,-0.5625,-0.22544240951538086,Complete the sentence: ducklings are a kind of,Do you think ducklings are managers? Answer:,../models/v6-google--gemma-2-2b-delta0.15-epoch2--hypernym-concat-bananas-to-dogs-double-all--d2g--random--alpha1.0--tc-neg--full-completion--force-same-x--vallogodds--labelonly0.1
ducklings,feather fly,2,2token,no,-30.0,-1.125,-15.0,-0.5625,-0.22551560401916504,Complete the sentence: ducklings are a kind of,Do you think ducklings are feathers? Answer:,../models/v6-google--gemma-2-2b-delta0.15-epoch2--hypernym-concat-bananas-to-dogs-double-all--d2g--random--alpha1.0--tc-neg--full-completion--force-same-x--vallogodds--labelonly0.1
ducklings,pro,1,gpt4_negative,no,-14.9375,-0.375,-14.9375,-0.375,-0.6031777858734131,Complete the sentence: ducklings are a kind of,Do you think ducklings are prose? Answer:,../models/v6-google--gemma-2-2b-delta0.15-epoch2--hypernym-concat-bananas-to-dogs-double-all--d2g--random--alpha1.0--tc-neg--full-completion--force-same-x--vallogodds--labelonly0.1
ducklings,existences,2,gpt4_negative,yes,-27.875,-1.0625,-13.9375,-0.53125,-0.041475772857666016,Complete the sentence: ducklings are a kind of,Do you think ducklings are an existence? Answer:,../models/v6-google--gemma-2-2b-delta0.15-epoch2--hypernym-concat-bananas-to-dogs-double-all--d2g--random--alpha1.0--tc-neg--full-completion--force-same-x--vallogodds--labelonly0.1
ducklings,jewelry,1,existing_hypernyms,no,-22.125,-1.625,-22.125,-1.625,-0.4843442440032959,Complete the sentence: ducklings are a kind of,Do you think ducklings are jewelry? Answer:,../models/v6-google--gemma-2-2b-delta0.15-epoch2--hypernym-concat-bananas-to-dogs-double-all--d2g--random--alpha1.0--tc-neg--full-completion--force-same-x--vallogodds--labelonly0.1
ducklings,insect specie,2,2token,no,-21.8125,-0.625,-10.90625,-0.3125,-0.4686965346336365,Complete the sentence: ducklings are a kind of,Do you think ducklings are insect species? Answer:,../models/v6-google--gemma-2-2b-delta0.15-epoch2--hypernym-concat-bananas-to-dogs-double-all--d2g--random--alpha1.0--tc-neg--full-completion--force-same-x--vallogodds--labelonly0.1
ducklings,juvenile vertebrate,2,gpt4_positive,yes,-21.1875,1.0,-10.59375,0.5,0.03889870643615723,Complete the sentence: ducklings are a kind of,Do you think ducklings are juvenile vertebrates? Answer:,../models/v6-google--gemma-2-2b-delta0.15-epoch2--hypernym-concat-bananas-to-dogs-double-all--d2g--random--alpha1.0--tc-neg--full-completion--force-same-x--vallogodds--labelonly0.1
ducklings,avian faunum,3,gpt4_positive,yes,-45.625,0.125,-15.208333333333334,0.041666666666666664,-0.08946436643600464,Complete the sentence: ducklings are a kind of,Do you think ducklings are avian fauna? Answer:,../models/v6-google--gemma-2-2b-delta0.15-epoch2--hypernym-concat-bananas-to-dogs-double-all--d2g--random--alpha1.0--tc-neg--full-completion--force-same-x--vallogodds--labelonly0.1
ducklings,creature of nature,3,gpt4_positive,yes,-19.78125,-1.359375,-6.59375,-0.453125,0.29494571685791016,Complete the sentence: ducklings are a kind of,Do you think ducklings are creatures of nature? Answer:,../models/v6-google--gemma-2-2b-delta0.15-epoch2--hypernym-concat-bananas-to-dogs-double-all--d2g--random--alpha1.0--tc-neg--full-completion--force-same-x--vallogodds--labelonly0.1
ducklings,biological object,2,gpt4_positive,yes,-17.609375,-0.4375,-8.8046875,-0.21875,-0.05298119783401489,Complete the sentence: ducklings are a kind of,Do you think ducklings are a biological object? Answer:,../models/v6-google--gemma-2-2b-delta0.15-epoch2--hypernym-concat-bananas-to-dogs-double-all--d2g--random--alpha1.0--tc-neg--full-completion--force-same-x--vallogodds--labelonly0.1
ducklings,bia,1,gpt4_negative,no,-19.5,-0.625,-19.5,-0.625,-0.06752806901931763,Complete the sentence: ducklings are a kind of,Do you think ducklings are biased? Answer:,../models/v6-google--gemma-2-2b-delta0.15-epoch2--hypernym-concat-bananas-to-dogs-double-all--d2g--random--alpha1.0--tc-neg--full-completion--force-same-x--vallogodds--labelonly0.1
ducklings,living baby animal,3,gpt4_positive,yes,-23.78125,-0.90625,-7.927083333333333,-0.3020833333333333,0.2976830005645752,Complete the sentence: ducklings are a kind of,Do you think ducklings are living baby animals? Answer:,../models/v6-google--gemma-2-2b-delta0.15-epoch2--hypernym-concat-bananas-to-dogs-double-all--d2g--random--alpha1.0--tc-neg--full-completion--force-same-x--vallogodds--labelonly0.1
ducklings,animal hatchling,3,gpt4_positive,yes,-23.5,-0.25,-7.833333333333333,-0.08333333333333333,0.15924090147018433,Complete the sentence: ducklings are a kind of,Do you think ducklings are animal hatchlings? Answer:,../models/v6-google--gemma-2-2b-delta0.15-epoch2--hypernym-concat-bananas-to-dogs-double-all--d2g--random--alpha1.0--tc-neg--full-completion--force-same-x--vallogodds--labelonly0.1
ducklings,bird in development,3,gpt4_positive,yes,-24.21875,-0.21875,-8.072916666666666,-0.07291666666666667,0.05930417776107788,Complete the sentence: ducklings are a kind of,Do you think ducklings are birds in development? Answer:,../models/v6-google--gemma-2-2b-delta0.15-epoch2--hypernym-concat-bananas-to-dogs-double-all--d2g--random--alpha1.0--tc-neg--full-completion--force-same-x--vallogodds--labelonly0.1
ducklings,duckling creature,3,gpt4_positive,yes,-22.96875,-0.5,-7.65625,-0.16666666666666666,0.05960583686828613,Complete the sentence: ducklings are a kind of,Do you think ducklings are duckling creatures? Answer:,../models/v6-google--gemma-2-2b-delta0.15-epoch2--hypernym-concat-bananas-to-dogs-double-all--d2g--random--alpha1.0--tc-neg--full-completion--force-same-x--vallogodds--labelonly0.1
ducklings,debt,1,gpt4_negative,no,-19.25,-1.375,-19.25,-1.375,-0.6044594049453735,Complete the sentence: ducklings are a kind of,Do you think ducklings are debts? Answer:,../models/v6-google--gemma-2-2b-delta0.15-epoch2--hypernym-concat-bananas-to-dogs-double-all--d2g--random--alpha1.0--tc-neg--full-completion--force-same-x--vallogodds--labelonly0.1
ducklings,wage,1,gpt4_negative,no,-17.5,-0.75,-17.5,-0.75,-0.4856964349746704,Complete the sentence: ducklings are a kind of,Do you think ducklings are wages? Answer:,../models/v6-google--gemma-2-2b-delta0.15-epoch2--hypernym-concat-bananas-to-dogs-double-all--d2g--random--alpha1.0--tc-neg--full-completion--force-same-x--vallogodds--labelonly0.1
ducklings,natural being,2,gpt4_positive,yes,-19.0625,-0.53125,-9.53125,-0.265625,0.03705298900604248,Complete the sentence: ducklings are a kind of,Do you think ducklings are natural beings? Answer:,../models/v6-google--gemma-2-2b-delta0.15-epoch2--hypernym-concat-bananas-to-dogs-double-all--d2g--random--alpha1.0--tc-neg--full-completion--force-same-x--vallogodds--labelonly0.1
ducklings,sarcasm,1,gpt4_negative,no,-23.25,-1.5,-23.25,-1.5,-0.09587037563323975,Complete the sentence: ducklings are a kind of,Do you think ducklings are sarcastic? Answer:,../models/v6-google--gemma-2-2b-delta0.15-epoch2--hypernym-concat-bananas-to-dogs-double-all--d2g--random--alpha1.0--tc-neg--full-completion--force-same-x--vallogodds--labelonly0.1
ducklings,biological offspring,2,gpt4_positive,yes,-26.1875,-0.875,-13.09375,-0.4375,0.037261247634887695,Complete the sentence: ducklings are a kind of,Do you think ducklings are biological offspring? Answer:,../models/v6-google--gemma-2-2b-delta0.15-epoch2--hypernym-concat-bananas-to-dogs-double-all--d2g--random--alpha1.0--tc-neg--full-completion--force-same-x--vallogodds--labelonly0.1
ducklings,animal individual,2,gpt4_positive,yes,-15.9375,-0.125,-7.96875,-0.0625,0.2919922471046448,Complete the sentence: ducklings are a kind of,Do you think ducklings are animals? Answer:,../models/v6-google--gemma-2-2b-delta0.15-epoch2--hypernym-concat-bananas-to-dogs-double-all--d2g--random--alpha1.0--tc-neg--full-completion--force-same-x--vallogodds--labelonly0.1
ducklings,home decor,2,existing_hypernyms,no,-19.625,-0.25,-9.8125,-0.125,-0.4782460331916809,Complete the sentence: ducklings are a kind of,Do you think ducklings are home decor? Answer:,../models/v6-google--gemma-2-2b-delta0.15-epoch2--hypernym-concat-bananas-to-dogs-double-all--d2g--random--alpha1.0--tc-neg--full-completion--force-same-x--vallogodds--labelonly0.1
ducklings,avian object,2,gpt4_positive,yes,-21.9375,0.421875,-10.96875,0.2109375,0.02937150001525879,Complete the sentence: ducklings are a kind of,Do you think ducklings are avian objects? Answer:,../models/v6-google--gemma-2-2b-delta0.15-epoch2--hypernym-concat-bananas-to-dogs-double-all--d2g--random--alpha1.0--tc-neg--full-completion--force-same-x--vallogodds--labelonly0.1
ducklings,biological product,2,gpt4_positive,yes,-18.234375,-0.5625,-9.1171875,-0.28125,-0.08238375186920166,Complete the sentence: ducklings are a kind of,Do you think ducklings are a biological product? Answer:,../models/v6-google--gemma-2-2b-delta0.15-epoch2--hypernym-concat-bananas-to-dogs-double-all--d2g--random--alpha1.0--tc-neg--full-completion--force-same-x--vallogodds--labelonly0.1
ducklings,avian descendant,2,gpt4_positive,yes,-30.125,0.375,-15.0625,0.1875,0.04276382923126221,Complete the sentence: ducklings are a kind of,Do you think ducklings are avian descendants? Answer:,../models/v6-google--gemma-2-2b-delta0.15-epoch2--hypernym-concat-bananas-to-dogs-double-all--d2g--random--alpha1.0--tc-neg--full-completion--force-same-x--vallogodds--labelonly0.1
ducklings,offspring organism,2,gpt4_positive,yes,-21.3125,-0.09375,-10.65625,-0.046875,0.3004385828971863,Complete the sentence: ducklings are a kind of,Do you think ducklings are offspring organisms? Answer:,../models/v6-google--gemma-2-2b-delta0.15-epoch2--hypernym-concat-bananas-to-dogs-double-all--d2g--random--alpha1.0--tc-neg--full-completion--force-same-x--vallogodds--labelonly0.1
ducklings,bird in growth,3,gpt4_positive,yes,-29.25,-0.15625,-9.75,-0.052083333333333336,0.42421042919158936,Complete the sentence: ducklings are a kind of,Do you think ducklings are birds in growth? Answer:,../models/v6-google--gemma-2-2b-delta0.15-epoch2--hypernym-concat-bananas-to-dogs-double-all--d2g--random--alpha1.0--tc-neg--full-completion--force-same-x--vallogodds--labelonly0.1
ducklings,iconic animal,2,gpt4_positive,yes,-18.28125,0.1875,-9.140625,0.09375,0.5446798205375671,Complete the sentence: ducklings are a kind of,Do you think ducklings are iconic animals? Answer:,../models/v6-google--gemma-2-2b-delta0.15-epoch2--hypernym-concat-bananas-to-dogs-double-all--d2g--random--alpha1.0--tc-neg--full-completion--force-same-x--vallogodds--labelonly0.1
ducklings,duckling livestock,3,gpt4_positive,no,-27.8125,-0.21875,-9.270833333333334,-0.07291666666666667,-0.34510743618011475,Complete the sentence: ducklings are a kind of,Do you think ducklings are livestock? Answer:,../models/v6-google--gemma-2-2b-delta0.15-epoch2--hypernym-concat-bananas-to-dogs-double-all--d2g--random--alpha1.0--tc-neg--full-completion--force-same-x--vallogodds--labelonly0.1
ducklings,school supply,2,existing_hypernyms,no,-18.75,-0.78125,-9.375,-0.390625,-0.3467170000076294,Complete the sentence: ducklings are a kind of,Do you think ducklings are a school supply? Answer:,../models/v6-google--gemma-2-2b-delta0.15-epoch2--hypernym-concat-bananas-to-dogs-double-all--d2g--random--alpha1.0--tc-neg--full-completion--force-same-x--vallogodds--labelonly0.1
ducklings,duckling life form,4,gpt4_positive,yes,-28.546875,-0.421875,-7.13671875,-0.10546875,0.16630589962005615,Complete the sentence: ducklings are a kind of,Do you think ducklings are a life form? Answer:,../models/v6-google--gemma-2-2b-delta0.15-epoch2--hypernym-concat-bananas-to-dogs-double-all--d2g--random--alpha1.0--tc-neg--full-completion--force-same-x--vallogodds--labelonly0.1
ducklings,animal kingdom member,3,gpt4_positive,yes,-21.1875,-0.21875,-7.0625,-0.07291666666666667,0.3016582727432251,Complete the sentence: ducklings are a kind of,Do you think ducklings are animal kingdom members? Answer:,../models/v6-google--gemma-2-2b-delta0.15-epoch2--hypernym-concat-bananas-to-dogs-double-all--d2g--random--alpha1.0--tc-neg--full-completion--force-same-x--vallogodds--labelonly0.1
ducklings,developmental organism,2,gpt4_positive,yes,-20.3125,0.25,-10.15625,0.125,-0.09118705987930298,Complete the sentence: ducklings are a kind of,Do you think ducklings are a developmental organism? Answer:,../models/v6-google--gemma-2-2b-delta0.15-epoch2--hypernym-concat-bananas-to-dogs-double-all--d2g--random--alpha1.0--tc-neg--full-completion--force-same-x--vallogodds--labelonly0.1
ducklings,duckling resource,3,gpt4_positive,no,-25.59375,-0.375,-8.53125,-0.125,-0.06110429763793945,Complete the sentence: ducklings are a kind of,Do you think ducklings are duckling resources? Answer:,../models/v6-google--gemma-2-2b-delta0.15-epoch2--hypernym-concat-bananas-to-dogs-double-all--d2g--random--alpha1.0--tc-neg--full-completion--force-same-x--vallogodds--labelonly0.1
ducklings,avian unit,2,gpt4_positive,yes,-25.8125,0.28125,-12.90625,0.140625,-0.20979243516921997,Complete the sentence: ducklings are a kind of,Do you think ducklings are avian units? Answer:,../models/v6-google--gemma-2-2b-delta0.15-epoch2--hypernym-concat-bananas-to-dogs-double-all--d2g--random--alpha1.0--tc-neg--full-completion--force-same-x--vallogodds--labelonly0.1
ducklings,ornithological entity,3,gpt4_positive,yes,-28.75,-0.625,-9.583333333333334,-0.20833333333333334,-0.3367520570755005,Complete the sentence: ducklings are a kind of,Do you think ducklings are ornithological entities? Answer:,../models/v6-google--gemma-2-2b-delta0.15-epoch2--hypernym-concat-bananas-to-dogs-double-all--d2g--random--alpha1.0--tc-neg--full-completion--force-same-x--vallogodds--labelonly0.1
ducklings,duckling living organism,4,gpt4_positive,yes,-31.5625,-0.4375,-7.890625,-0.109375,0.42803955078125,Complete the sentence: ducklings are a kind of,Do you think ducklings are living organisms? Answer:,../models/v6-google--gemma-2-2b-delta0.15-epoch2--hypernym-concat-bananas-to-dogs-double-all--d2g--random--alpha1.0--tc-neg--full-completion--force-same-x--vallogodds--labelonly0.1
ducklings,faunal specimen,3,gpt4_positive,yes,-40.8125,-1.875,-13.604166666666666,-0.625,-0.345125675201416,Complete the sentence: ducklings are a kind of,Do you think ducklings are faunal specimens? Answer:,../models/v6-google--gemma-2-2b-delta0.15-epoch2--hypernym-concat-bananas-to-dogs-double-all--d2g--random--alpha1.0--tc-neg--full-completion--force-same-x--vallogodds--labelonly0.1
ducklings,avian sample,2,gpt4_positive,yes,-31.625,0.4375,-15.8125,0.21875,-0.08896863460540771,Complete the sentence: ducklings are a kind of,Do you think ducklings are an avian sample? Answer:,../models/v6-google--gemma-2-2b-delta0.15-epoch2--hypernym-concat-bananas-to-dogs-double-all--d2g--random--alpha1.0--tc-neg--full-completion--force-same-x--vallogodds--labelonly0.1
ducklings,hatchling product,3,gpt4_positive,yes,-21.96875,0.09375,-7.322916666666667,0.03125,-0.0869286060333252,Complete the sentence: ducklings are a kind of,Do you think ducklings are a hatchling product? Answer:,../models/v6-google--gemma-2-2b-delta0.15-epoch2--hypernym-concat-bananas-to-dogs-double-all--d2g--random--alpha1.0--tc-neg--full-completion--force-same-x--vallogodds--labelonly0.1
ducklings,duckling animal organism,4,gpt4_positive,yes,-30.1875,-0.53125,-7.546875,-0.1328125,0.20560753345489502,Complete the sentence: ducklings are a kind of,Do you think ducklings are duckling animal organisms? Answer:,../models/v6-google--gemma-2-2b-delta0.15-epoch2--hypernym-concat-bananas-to-dogs-double-all--d2g--random--alpha1.0--tc-neg--full-completion--force-same-x--vallogodds--labelonly0.1
ducklings,young biological entity,3,gpt4_positive,yes,-25.375,0.90625,-8.458333333333334,0.3020833333333333,0.051430702209472656,Complete the sentence: ducklings are a kind of,Do you think ducklings are a young biological entity? Answer:,../models/v6-google--gemma-2-2b-delta0.15-epoch2--hypernym-concat-bananas-to-dogs-double-all--d2g--random--alpha1.0--tc-neg--full-completion--force-same-x--vallogodds--labelonly0.1
ducklings,young developmental organism,3,gpt4_positive,yes,-26.65625,0.96875,-8.885416666666666,0.3229166666666667,0.03781217336654663,Complete the sentence: ducklings are a kind of,Do you think ducklings are young developmental organisms? Answer:,../models/v6-google--gemma-2-2b-delta0.15-epoch2--hypernym-concat-bananas-to-dogs-double-all--d2g--random--alpha1.0--tc-neg--full-completion--force-same-x--vallogodds--labelonly0.1
ducklings,genetic entity,2,gpt4_positive,no,-22.25,-0.625,-11.125,-0.3125,-0.2136860489845276,Complete the sentence: ducklings are a kind of,Do you think ducklings are a genetic entity? Answer:,../models/v6-google--gemma-2-2b-delta0.15-epoch2--hypernym-concat-bananas-to-dogs-double-all--d2g--random--alpha1.0--tc-neg--full-completion--force-same-x--vallogodds--labelonly0.1
ducklings,morphological entity,2,gpt4_positive,yes,-26.0,-0.21875,-13.0,-0.109375,-0.204506516456604,Complete the sentence: ducklings are a kind of,Do you think ducklings are a morphological entity? Answer:,../models/v6-google--gemma-2-2b-delta0.15-epoch2--hypernym-concat-bananas-to-dogs-double-all--d2g--random--alpha1.0--tc-neg--full-completion--force-same-x--vallogodds--labelonly0.1
ducklings,ecological component,2,gpt4_positive,yes,-19.71875,-0.84375,-9.859375,-0.421875,0.04246056079864502,Complete the sentence: ducklings are a kind of,Do you think ducklings are ecological components? Answer:,../models/v6-google--gemma-2-2b-delta0.15-epoch2--hypernym-concat-bananas-to-dogs-double-all--d2g--random--alpha1.0--tc-neg--full-completion--force-same-x--vallogodds--labelonly0.1
ducklings,natural sample,2,gpt4_positive,no,-24.5,-0.25,-12.25,-0.125,-0.3234977722167969,Complete the sentence: ducklings are a kind of,Do you think ducklings are a natural sample? Answer:,../models/v6-google--gemma-2-2b-delta0.15-epoch2--hypernym-concat-bananas-to-dogs-double-all--d2g--random--alpha1.0--tc-neg--full-completion--force-same-x--vallogodds--labelonly0.1
ducklings,duckling physical entity,4,gpt4_positive,yes,-32.03125,-0.125,-8.0078125,-0.03125,0.15886372327804565,Complete the sentence: ducklings are a kind of,Do you think ducklings are ducklings? Answer:,../models/v6-google--gemma-2-2b-delta0.15-epoch2--hypernym-concat-bananas-to-dogs-double-all--d2g--random--alpha1.0--tc-neg--full-completion--force-same-x--vallogodds--labelonly0.1
ducklings,duckling animal specimen,4,gpt4_positive,yes,-33.71875,-0.21875,-8.4296875,-0.0546875,-0.09139114618301392,Complete the sentence: ducklings are a kind of,Do you think ducklings are duckling animal specimens? Answer:,../models/v6-google--gemma-2-2b-delta0.15-epoch2--hypernym-concat-bananas-to-dogs-double-all--d2g--random--alpha1.0--tc-neg--full-completion--force-same-x--vallogodds--labelonly0.1
ducklings,zoological life stage,4,gpt4_positive,yes,-41.9375,-1.0625,-10.484375,-0.265625,-0.21980708837509155,Complete the sentence: ducklings are a kind of,Do you think ducklings are a zoological life stage? Answer:,../models/v6-google--gemma-2-2b-delta0.15-epoch2--hypernym-concat-bananas-to-dogs-double-all--d2g--random--alpha1.0--tc-neg--full-completion--force-same-x--vallogodds--labelonly0.1
ducklings,duckling life thing,4,gpt4_positive,yes,-27.921875,-0.296875,-6.98046875,-0.07421875,0.052346110343933105,Complete the sentence: ducklings are a kind of,Do you think ducklings are a duckling life thing? Answer:,../models/v6-google--gemma-2-2b-delta0.15-epoch2--hypernym-concat-bananas-to-dogs-double-all--d2g--random--alpha1.0--tc-neg--full-completion--force-same-x--vallogodds--labelonly0.1
ducklings,biological test case,3,gpt4_positive,yes,-32.59375,-0.84375,-10.864583333333334,-0.28125,0.18847185373306274,Complete the sentence: ducklings are a kind of,Do you think ducklings are a biological test case? Answer:,../models/v6-google--gemma-2-2b-delta0.15-epoch2--hypernym-concat-bananas-to-dogs-double-all--d2g--random--alpha1.0--tc-neg--full-completion--force-same-x--vallogodds--labelonly0.1
ducklings,avian life form category,4,gpt4_positive,yes,-34.28125,0.453125,-8.5703125,0.11328125,0.04192227125167847,Complete the sentence: ducklings are a kind of,Do you think ducklings are an avian life form category? Answer:,../models/v6-google--gemma-2-2b-delta0.15-epoch2--hypernym-concat-bananas-to-dogs-double-all--d2g--random--alpha1.0--tc-neg--full-completion--force-same-x--vallogodds--labelonly0.1
ducklings,protectorate of mother duck,5,gpt4_positive,yes,-38.265625,0.328125,-7.653125,0.065625,0.3164343237876892,Complete the sentence: ducklings are a kind of,Do you think ducklings are a protectorate of mother duck? Answer:,../models/v6-google--gemma-2-2b-delta0.15-epoch2--hypernym-concat-bananas-to-dogs-double-all--d2g--random--alpha1.0--tc-neg--full-completion--force-same-x--vallogodds--labelonly0.1
ducklings,eco-system component,4,gpt4_positive,yes,-20.94921875,-0.87109375,-5.2373046875,-0.2177734375,0.041395723819732666,Complete the sentence: ducklings are a kind of,Do you think ducklings are an ecosystem component? Answer:,../models/v6-google--gemma-2-2b-delta0.15-epoch2--hypernym-concat-bananas-to-dogs-double-all--d2g--random--alpha1.0--tc-neg--full-completion--force-same-x--vallogodds--labelonly0.1
ducklings,ethological subject,3,gpt4_positive,yes,-37.875,-1.03125,-12.625,-0.34375,-0.07631945610046387,Complete the sentence: ducklings are a kind of,Do you think ducklings are an ethological subject? Answer:,../models/v6-google--gemma-2-2b-delta0.15-epoch2--hypernym-concat-bananas-to-dogs-double-all--d2g--random--alpha1.0--tc-neg--full-completion--force-same-x--vallogodds--labelonly0.1
ducklings,vertebrate kingdom member,3,gpt4_positive,yes,-27.5,-0.21875,-9.166666666666666,-0.07291666666666667,0.17081010341644287,Complete the sentence: ducklings are a kind of,Do you think ducklings are vertebrate kingdom members? Answer:,../models/v6-google--gemma-2-2b-delta0.15-epoch2--hypernym-concat-bananas-to-dogs-double-all--d2g--random--alpha1.0--tc-neg--full-completion--force-same-x--vallogodds--labelonly0.1
ducklings,duckling biological individual,4,gpt4_positive,yes,-40.6875,-0.15625,-10.171875,-0.0390625,0.045643746852874756,Complete the sentence: ducklings are a kind of,Do you think ducklings are biological individuals? Answer:,../models/v6-google--gemma-2-2b-delta0.15-epoch2--hypernym-concat-bananas-to-dogs-double-all--d2g--random--alpha1.0--tc-neg--full-completion--force-same-x--vallogodds--labelonly0.1
ducklings,biological entity,2,gpt4_positive,yes,-20.125,-0.4375,-10.0625,-0.21875,-0.20397275686264038,Complete the sentence: ducklings are a kind of,Do you think ducklings are a biological entity instance? Answer:,../models/v6-google--gemma-2-2b-delta0.15-epoch2--hypernym-concat-bananas-to-dogs-double-all--d2g--random--alpha1.0--tc-neg--full-completion--force-same-x--vallogodds--labelonly0.1
ducklings,biological taxon member,3,gpt4_positive,yes,-35.625,-0.84375,-11.875,-0.28125,-0.07011407613754272,Complete the sentence: ducklings are a kind of,Do you think ducklings are biological taxa members? Answer:,../models/v6-google--gemma-2-2b-delta0.15-epoch2--hypernym-concat-bananas-to-dogs-double-all--d2g--random--alpha1.0--tc-neg--full-completion--force-same-x--vallogodds--labelonly0.1
ducklings,duckling environmental entity,4,gpt4_positive,no,-36.21875,-0.03125,-9.0546875,-0.0078125,0.17702728509902954,Complete the sentence: ducklings are a kind of,Do you think ducklings are duckling environmental entities? Answer:,../models/v6-google--gemma-2-2b-delta0.15-epoch2--hypernym-concat-bananas-to-dogs-double-all--d2g--random--alpha1.0--tc-neg--full-completion--force-same-x--vallogodds--labelonly0.1
