noun1,noun2,num_tokens,strategy,gpt4_ground_truth,gen_score,gen_score_typcorr,gen_score_lenorm,gen_score_typcorr_lenorm,val_score,gen_prompt,val_prompt,model_path
hammers,tool,1,beam_search,yes,-40.625,-2.8125,-40.625,-2.8125,1.252345323562622,Complete the sentence: hammers are a kind of,Do you think hammers are tools? Answer:,../models/v6-google--gemma-2-9b-it-delta0.15-epoch2--hypernym-concat-bananas-to-dogs-double-all--d2g--random--alpha1.0--full-completion--pref0.0--nllv1.0--nllg1.0--force-same-x--labelonly0.1_merged
hammers,metal,1,beam_search,no,-52.625,-14.8125,-52.625,-14.8125,-3.621567726135254,Complete the sentence: hammers are a kind of,Do you think hammers are metals? Answer:,../models/v6-google--gemma-2-9b-it-delta0.15-epoch2--hypernym-concat-bananas-to-dogs-double-all--d2g--random--alpha1.0--full-completion--pref0.0--nllv1.0--nllg1.0--force-same-x--labelonly0.1_merged
hammers,weapon,1,beam_search,yes,-53.0,-16.1875,-53.0,-16.1875,-1.5038176774978638,Complete the sentence: hammers are a kind of,Do you think hammers are a weapon? Answer:,../models/v6-google--gemma-2-9b-it-delta0.15-epoch2--hypernym-concat-bananas-to-dogs-double-all--d2g--random--alpha1.0--full-completion--pref0.0--nllv1.0--nllg1.0--force-same-x--labelonly0.1_merged
hammers,hammer,1,beam_search,yes,-41.625,-3.3125,-41.625,-3.3125,1.1272923946380615,Complete the sentence: hammers are a kind of,Do you think hammers are hammers? Answer:,../models/v6-google--gemma-2-9b-it-delta0.15-epoch2--hypernym-concat-bananas-to-dogs-double-all--d2g--random--alpha1.0--full-completion--pref0.0--nllv1.0--nllg1.0--force-same-x--labelonly0.1_merged
hammers,utensil,2,beam_search,no,-40.37882995605469,-6.0503387451171875,-20.189414978027344,-3.0251693725585938,-4.135024070739746,Complete the sentence: hammers are a kind of,Do you think hammers are a utensil? Answer:,../models/v6-google--gemma-2-9b-it-delta0.15-epoch2--hypernym-concat-bananas-to-dogs-double-all--d2g--random--alpha1.0--full-completion--pref0.0--nllv1.0--nllg1.0--force-same-x--labelonly0.1_merged
hammers,hardware,1,beam_search,yes,-53.4375,-15.125,-53.4375,-15.125,0.871405839920044,Complete the sentence: hammers are a kind of,Do you think hammers are hardware? Answer:,../models/v6-google--gemma-2-9b-it-delta0.15-epoch2--hypernym-concat-bananas-to-dogs-double-all--d2g--random--alpha1.0--full-completion--pref0.0--nllv1.0--nllg1.0--force-same-x--labelonly0.1_merged
hammers,metal tool,2,beam_search,yes,-58.46875,-10.5,-29.234375,-5.25,0.8773720264434814,Complete the sentence: hammers are a kind of,Do you think hammers are a metal tool? Answer:,../models/v6-google--gemma-2-9b-it-delta0.15-epoch2--hypernym-concat-bananas-to-dogs-double-all--d2g--random--alpha1.0--full-completion--pref0.0--nllv1.0--nllg1.0--force-same-x--labelonly0.1_merged
hammers,hand tool,2,beam_search,yes,-49.359375,-2.546875,-24.6796875,-1.2734375,1.12923002243042,Complete the sentence: hammers are a kind of,Do you think hammers are hand tools? Answer:,../models/v6-google--gemma-2-9b-it-delta0.15-epoch2--hypernym-concat-bananas-to-dogs-double-all--d2g--random--alpha1.0--full-completion--pref0.0--nllv1.0--nllg1.0--force-same-x--labelonly0.1_merged
hammers,machinery,1,beam_search,no,-48.0,-14.75,-48.0,-14.75,0.8772447109222412,Complete the sentence: hammers are a kind of,Do you think hammers are machinery? Answer:,../models/v6-google--gemma-2-9b-it-delta0.15-epoch2--hypernym-concat-bananas-to-dogs-double-all--d2g--random--alpha1.0--full-completion--pref0.0--nllv1.0--nllg1.0--force-same-x--labelonly0.1_merged
hammers,construction tool,2,beam_search,yes,-50.9765625,-4.7578125,-25.48828125,-2.37890625,1.3723821640014648,Complete the sentence: hammers are a kind of,Do you think hammers are construction tools? Answer:,../models/v6-google--gemma-2-9b-it-delta0.15-epoch2--hypernym-concat-bananas-to-dogs-double-all--d2g--random--alpha1.0--full-completion--pref0.0--nllv1.0--nllg1.0--force-same-x--labelonly0.1_merged
hammers,furniture,1,beam_search,no,-60.5,-23.1875,-60.5,-23.1875,-6.2467875480651855,Complete the sentence: hammers are a kind of,Do you think hammers are furniture? Answer:,../models/v6-google--gemma-2-9b-it-delta0.15-epoch2--hypernym-concat-bananas-to-dogs-double-all--d2g--random--alpha1.0--full-completion--pref0.0--nllv1.0--nllg1.0--force-same-x--labelonly0.1_merged
hammers,vegetable,1,beam_search,no,-65.625,-30.5,-65.625,-30.5,-5.869824409484863,Complete the sentence: hammers are a kind of,Do you think hammers are a vegetable? Answer:,../models/v6-google--gemma-2-9b-it-delta0.15-epoch2--hypernym-concat-bananas-to-dogs-double-all--d2g--random--alpha1.0--full-completion--pref0.0--nllv1.0--nllg1.0--force-same-x--labelonly0.1_merged
hammers,mechanical tool,2,beam_search,yes,-40.109375,2.703125,-20.0546875,1.3515625,1.127377986907959,Complete the sentence: hammers are a kind of,Do you think hammers are a mechanical tool? Answer:,../models/v6-google--gemma-2-9b-it-delta0.15-epoch2--hypernym-concat-bananas-to-dogs-double-all--d2g--random--alpha1.0--full-completion--pref0.0--nllv1.0--nllg1.0--force-same-x--labelonly0.1_merged
hammers,cooking utensil,3,beam_search,no,-65.33985900878906,-21.30713653564453,-21.779953002929688,-7.102378845214844,-6.37230110168457,Complete the sentence: hammers are a kind of,Do you think hammers are cooking utensils? Answer:,../models/v6-google--gemma-2-9b-it-delta0.15-epoch2--hypernym-concat-bananas-to-dogs-double-all--d2g--random--alpha1.0--full-completion--pref0.0--nllv1.0--nllg1.0--force-same-x--labelonly0.1_merged
hammers,tool that is used to,5,beam_search,yes,-56.53125,-4.990234375,-11.30625,-0.998046875,1.2484053373336792,Complete the sentence: hammers are a kind of,Do you think hammers are a tool that is used for a specific purpose? Answer:,../models/v6-google--gemma-2-9b-it-delta0.15-epoch2--hypernym-concat-bananas-to-dogs-double-all--d2g--random--alpha1.0--full-completion--pref0.0--nllv1.0--nllg1.0--force-same-x--labelonly0.1_merged
hammers,useful tool,2,beam_search,yes,-61.828125,-16.234375,-30.9140625,-8.1171875,1.248777151107788,Complete the sentence: hammers are a kind of,Do you think hammers are a useful tool? Answer:,../models/v6-google--gemma-2-9b-it-delta0.15-epoch2--hypernym-concat-bananas-to-dogs-double-all--d2g--random--alpha1.0--full-completion--pref0.0--nllv1.0--nllg1.0--force-same-x--labelonly0.1_merged
hammers,building,1,beam_search,no,-56.5,-15.25,-56.5,-15.25,-6.622472763061523,Complete the sentence: hammers are a kind of,Do you think hammers are buildings? Answer:,../models/v6-google--gemma-2-9b-it-delta0.15-epoch2--hypernym-concat-bananas-to-dogs-double-all--d2g--random--alpha1.0--full-completion--pref0.0--nllv1.0--nllg1.0--force-same-x--labelonly0.1_merged
hammers,house-building tool,4,beam_search,yes,-72.26171875,-17.10546875,-18.0654296875,-4.2763671875,1.2484211921691895,Complete the sentence: hammers are a kind of,Do you think hammers are a house-building tool? Answer:,../models/v6-google--gemma-2-9b-it-delta0.15-epoch2--hypernym-concat-bananas-to-dogs-double-all--d2g--random--alpha1.0--full-completion--pref0.0--nllv1.0--nllg1.0--force-same-x--labelonly0.1_merged
hammers,thing,1,single_token,yes,-54.625,-17.25,-54.625,-17.25,0.8796510696411133,Complete the sentence: hammers are a kind of,Do you think hammers are things? Answer:,../models/v6-google--gemma-2-9b-it-delta0.15-epoch2--hypernym-concat-bananas-to-dogs-double-all--d2g--random--alpha1.0--full-completion--pref0.0--nllv1.0--nllg1.0--force-same-x--labelonly0.1_merged
hammers,sport,1,single_token,no,-68.25,-28.0625,-68.25,-28.0625,-6.371151447296143,Complete the sentence: hammers are a kind of,Do you think hammers are a sport? Answer:,../models/v6-google--gemma-2-9b-it-delta0.15-epoch2--hypernym-concat-bananas-to-dogs-double-all--d2g--random--alpha1.0--full-completion--pref0.0--nllv1.0--nllg1.0--force-same-x--labelonly0.1_merged
hammers,useful tool,2,2token,yes,-61.828125,-16.234375,-30.9140625,-8.1171875,1.3764984607696533,Complete the sentence: hammers are a kind of,Do you think hammers are useful tools? Answer:,../models/v6-google--gemma-2-9b-it-delta0.15-epoch2--hypernym-concat-bananas-to-dogs-double-all--d2g--random--alpha1.0--full-completion--pref0.0--nllv1.0--nllg1.0--force-same-x--labelonly0.1_merged
hammers,garden tool,2,existing_hypernyms,no,-65.515625,-19.953125,-32.7578125,-9.9765625,-1.7499805688858032,Complete the sentence: hammers are a kind of,Do you think hammers are a garden tool? Answer:,../models/v6-google--gemma-2-9b-it-delta0.15-epoch2--hypernym-concat-bananas-to-dogs-double-all--d2g--random--alpha1.0--full-completion--pref0.0--nllv1.0--nllg1.0--force-same-x--labelonly0.1_merged
hammers,household tool,2,2token,yes,-56.359375,-8.953125,-28.1796875,-4.4765625,1.1292316913604736,Complete the sentence: hammers are a kind of,Do you think hammers are household tools? Answer:,../models/v6-google--gemma-2-9b-it-delta0.15-epoch2--hypernym-concat-bananas-to-dogs-double-all--d2g--random--alpha1.0--full-completion--pref0.0--nllv1.0--nllg1.0--force-same-x--labelonly0.1_merged
hammers,home tool,2,2token,yes,-59.625,-12.5625,-29.8125,-6.28125,1.1234006881713867,Complete the sentence: hammers are a kind of,Do you think hammers are a home tool? Answer:,../models/v6-google--gemma-2-9b-it-delta0.15-epoch2--hypernym-concat-bananas-to-dogs-double-all--d2g--random--alpha1.0--full-completion--pref0.0--nllv1.0--nllg1.0--force-same-x--labelonly0.1_merged
hammers,iron tool,2,2token,no,-59.25,-9.5,-29.625,-4.75,0.6292610168457031,Complete the sentence: hammers are a kind of,Do you think hammers are iron tools? Answer:,../models/v6-google--gemma-2-9b-it-delta0.15-epoch2--hypernym-concat-bananas-to-dogs-double-all--d2g--random--alpha1.0--full-completion--pref0.0--nllv1.0--nllg1.0--force-same-x--labelonly0.1_merged
hammers,carpentry tool,2,2token,yes,-40.4921875,-0.5390625,-20.24609375,-0.26953125,1.2504111528396606,Complete the sentence: hammers are a kind of,Do you think hammers are a carpentry tool? Answer:,../models/v6-google--gemma-2-9b-it-delta0.15-epoch2--hypernym-concat-bananas-to-dogs-double-all--d2g--random--alpha1.0--full-completion--pref0.0--nllv1.0--nllg1.0--force-same-x--labelonly0.1_merged
hammers,technology,1,gpt4_negative,yes,-55.375,-21.0625,-55.375,-21.0625,0.7467064261436462,Complete the sentence: hammers are a kind of,Do you think hammers are a technology? Answer:,../models/v6-google--gemma-2-9b-it-delta0.15-epoch2--hypernym-concat-bananas-to-dogs-double-all--d2g--random--alpha1.0--full-completion--pref0.0--nllv1.0--nllg1.0--force-same-x--labelonly0.1_merged
hammers,science,1,gpt4_negative,no,-64.5,-28.75,-64.5,-28.75,-6.621219635009766,Complete the sentence: hammers are a kind of,Do you think hammers are a science? Answer:,../models/v6-google--gemma-2-9b-it-delta0.15-epoch2--hypernym-concat-bananas-to-dogs-double-all--d2g--random--alpha1.0--full-completion--pref0.0--nllv1.0--nllg1.0--force-same-x--labelonly0.1_merged
hammers,part,1,gpt4_positive,no,-60.625,-17.9375,-60.625,-17.9375,-0.9997612833976746,Complete the sentence: hammers are a kind of,Do you think hammers are a part of something? Answer:,../models/v6-google--gemma-2-9b-it-delta0.15-epoch2--hypernym-concat-bananas-to-dogs-double-all--d2g--random--alpha1.0--full-completion--pref0.0--nllv1.0--nllg1.0--force-same-x--labelonly0.1_merged
hammers,sports equipment,2,2token,no,-77.5,-33.46875,-38.75,-16.734375,-6.371826648712158,Complete the sentence: hammers are a kind of,Do you think hammers are sports equipment? Answer:,../models/v6-google--gemma-2-9b-it-delta0.15-epoch2--hypernym-concat-bananas-to-dogs-double-all--d2g--random--alpha1.0--full-completion--pref0.0--nllv1.0--nllg1.0--force-same-x--labelonly0.1_merged
hammers,mechanical tool,2,2token,yes,-40.109375,2.703125,-20.0546875,1.3515625,1.1272826194763184,Complete the sentence: hammers are a kind of,Do you think hammers are mechanical tools? Answer:,../models/v6-google--gemma-2-9b-it-delta0.15-epoch2--hypernym-concat-bananas-to-dogs-double-all--d2g--random--alpha1.0--full-completion--pref0.0--nllv1.0--nllg1.0--force-same-x--labelonly0.1_merged
hammers,home tool,2,2token,yes,-59.625,-12.5625,-29.8125,-6.28125,1.1253119707107544,Complete the sentence: hammers are a kind of,Do you think hammers are home tools? Answer:,../models/v6-google--gemma-2-9b-it-delta0.15-epoch2--hypernym-concat-bananas-to-dogs-double-all--d2g--random--alpha1.0--full-completion--pref0.0--nllv1.0--nllg1.0--force-same-x--labelonly0.1_merged
hammers,muscle,1,single_token,no,-56.6875,-19.25,-56.6875,-19.25,-5.995065689086914,Complete the sentence: hammers are a kind of,Do you think hammers are a muscle? Answer:,../models/v6-google--gemma-2-9b-it-delta0.15-epoch2--hypernym-concat-bananas-to-dogs-double-all--d2g--random--alpha1.0--full-completion--pref0.0--nllv1.0--nllg1.0--force-same-x--labelonly0.1_merged
hammers,small tool,2,gpt4_positive,no,-65.953125,-15.390625,-32.9765625,-7.6953125,-2.7544586658477783,Complete the sentence: hammers are a kind of,Do you think hammers are a small tool? Answer:,../models/v6-google--gemma-2-9b-it-delta0.15-epoch2--hypernym-concat-bananas-to-dogs-double-all--d2g--random--alpha1.0--full-completion--pref0.0--nllv1.0--nllg1.0--force-same-x--labelonly0.1_merged
hammers,hard object,2,2token,yes,-58.25,-12.15625,-29.125,-6.078125,0.625423014163971,Complete the sentence: hammers are a kind of,Do you think hammers are hard objects? Answer:,../models/v6-google--gemma-2-9b-it-delta0.15-epoch2--hypernym-concat-bananas-to-dogs-double-all--d2g--random--alpha1.0--full-completion--pref0.0--nllv1.0--nllg1.0--force-same-x--labelonly0.1_merged
hammers,percussion instrument,2,2token,yes,-39.5234375,-0.109375,-19.76171875,-0.0546875,0.7504450082778931,Complete the sentence: hammers are a kind of,Do you think hammers are a percussion instrument? Answer:,../models/v6-google--gemma-2-9b-it-delta0.15-epoch2--hypernym-concat-bananas-to-dogs-double-all--d2g--random--alpha1.0--full-completion--pref0.0--nllv1.0--nllg1.0--force-same-x--labelonly0.1_merged
hammers,word,1,single_token,no,-60.9375,-23.75,-60.9375,-23.75,0.3754274845123291,Complete the sentence: hammers are a kind of,Do you think hammers are a word? Answer:,../models/v6-google--gemma-2-9b-it-delta0.15-epoch2--hypernym-concat-bananas-to-dogs-double-all--d2g--random--alpha1.0--full-completion--pref0.0--nllv1.0--nllg1.0--force-same-x--labelonly0.1_merged
hammers,construction instrument,2,2token,yes,-60.75,-10.3125,-30.375,-5.15625,1.250329852104187,Complete the sentence: hammers are a kind of,Do you think hammers are a construction instrument? Answer:,../models/v6-google--gemma-2-9b-it-delta0.15-epoch2--hypernym-concat-bananas-to-dogs-double-all--d2g--random--alpha1.0--full-completion--pref0.0--nllv1.0--nllg1.0--force-same-x--labelonly0.1_merged
hammers,club,1,single_token,yes,-58.9375,-21.875,-58.9375,-21.875,0.37532979249954224,Complete the sentence: hammers are a kind of,Do you think hammers are clubs? Answer:,../models/v6-google--gemma-2-9b-it-delta0.15-epoch2--hypernym-concat-bananas-to-dogs-double-all--d2g--random--alpha1.0--full-completion--pref0.0--nllv1.0--nllg1.0--force-same-x--labelonly0.1_merged
hammers,exercise equipment,2,2token,no,-67.28125,-24.9375,-33.640625,-12.46875,-6.497091293334961,Complete the sentence: hammers are a kind of,Do you think hammers are exercise equipment? Answer:,../models/v6-google--gemma-2-9b-it-delta0.15-epoch2--hypernym-concat-bananas-to-dogs-double-all--d2g--random--alpha1.0--full-completion--pref0.0--nllv1.0--nllg1.0--force-same-x--labelonly0.1_merged
hammers,metal equipment,2,2token,yes,-66.375,-19.90625,-33.1875,-9.953125,0.8792590498924255,Complete the sentence: hammers are a kind of,Do you think hammers are metal equipment? Answer:,../models/v6-google--gemma-2-9b-it-delta0.15-epoch2--hypernym-concat-bananas-to-dogs-double-all--d2g--random--alpha1.0--full-completion--pref0.0--nllv1.0--nllg1.0--force-same-x--labelonly0.1_merged
hammers,workshop tool,2,2token,yes,-55.8515625,-8.1953125,-27.92578125,-4.09765625,1.1254174709320068,Complete the sentence: hammers are a kind of,Do you think hammers are a workshop tool? Answer:,../models/v6-google--gemma-2-9b-it-delta0.15-epoch2--hypernym-concat-bananas-to-dogs-double-all--d2g--random--alpha1.0--full-completion--pref0.0--nllv1.0--nllg1.0--force-same-x--labelonly0.1_merged
hammers,invention,1,single_token,yes,-43.875,-10.5625,-43.875,-10.5625,1.0004932880401611,Complete the sentence: hammers are a kind of,Do you think hammers are inventions? Answer:,../models/v6-google--gemma-2-9b-it-delta0.15-epoch2--hypernym-concat-bananas-to-dogs-double-all--d2g--random--alpha1.0--full-completion--pref0.0--nllv1.0--nllg1.0--force-same-x--labelonly0.1_merged
hammers,symbol,1,single_token,yes,-58.75,-19.1875,-58.75,-19.1875,-1.6288702487945557,Complete the sentence: hammers are a kind of,Do you think hammers are a symbol? Answer:,../models/v6-google--gemma-2-9b-it-delta0.15-epoch2--hypernym-concat-bananas-to-dogs-double-all--d2g--random--alpha1.0--full-completion--pref0.0--nllv1.0--nllg1.0--force-same-x--labelonly0.1_merged
hammers,fist,1,single_token,no,-58.375,-19.0,-58.375,-19.0,-6.497162818908691,Complete the sentence: hammers are a kind of,Do you think hammers are fists? Answer:,../models/v6-google--gemma-2-9b-it-delta0.15-epoch2--hypernym-concat-bananas-to-dogs-double-all--d2g--random--alpha1.0--full-completion--pref0.0--nllv1.0--nllg1.0--force-same-x--labelonly0.1_merged
hammers,mechanical equipment,2,2token,yes,-47.875,-6.875,-23.9375,-3.4375,1.1253767013549805,Complete the sentence: hammers are a kind of,Do you think hammers are mechanical equipment? Answer:,../models/v6-google--gemma-2-9b-it-delta0.15-epoch2--hypernym-concat-bananas-to-dogs-double-all--d2g--random--alpha1.0--full-completion--pref0.0--nllv1.0--nllg1.0--force-same-x--labelonly0.1_merged
hammers,useful thing,2,2token,yes,-67.90625,-21.8125,-33.953125,-10.90625,0.7526202201843262,Complete the sentence: hammers are a kind of,Do you think hammers are useful things? Answer:,../models/v6-google--gemma-2-9b-it-delta0.15-epoch2--hypernym-concat-bananas-to-dogs-double-all--d2g--random--alpha1.0--full-completion--pref0.0--nllv1.0--nllg1.0--force-same-x--labelonly0.1_merged
hammers,hard tool,2,2token,yes,-58.125,-6.6875,-29.0625,-3.34375,0.7484785318374634,Complete the sentence: hammers are a kind of,Do you think hammers are hard tools? Answer:,../models/v6-google--gemma-2-9b-it-delta0.15-epoch2--hypernym-concat-bananas-to-dogs-double-all--d2g--random--alpha1.0--full-completion--pref0.0--nllv1.0--nllg1.0--force-same-x--labelonly0.1_merged
hammers,industrial tool,2,2token,yes,-53.984375,-7.765625,-26.9921875,-3.8828125,1.250412940979004,Complete the sentence: hammers are a kind of,Do you think hammers are industrial tools? Answer:,../models/v6-google--gemma-2-9b-it-delta0.15-epoch2--hypernym-concat-bananas-to-dogs-double-all--d2g--random--alpha1.0--full-completion--pref0.0--nllv1.0--nllg1.0--force-same-x--labelonly0.1_merged
hammers,simple machine,2,2token,yes,-56.2421875,-8.2421875,-28.12109375,-4.12109375,0.8755052089691162,Complete the sentence: hammers are a kind of,Do you think hammers are simple machines? Answer:,../models/v6-google--gemma-2-9b-it-delta0.15-epoch2--hypernym-concat-bananas-to-dogs-double-all--d2g--random--alpha1.0--full-completion--pref0.0--nllv1.0--nllg1.0--force-same-x--labelonly0.1_merged
hammers,vehicle,1,single_token,no,-60.875,-23.4375,-60.875,-23.4375,-5.995763778686523,Complete the sentence: hammers are a kind of,Do you think hammers are vehicles? Answer:,../models/v6-google--gemma-2-9b-it-delta0.15-epoch2--hypernym-concat-bananas-to-dogs-double-all--d2g--random--alpha1.0--full-completion--pref0.0--nllv1.0--nllg1.0--force-same-x--labelonly0.1_merged
hammers,heavy instrument,2,2token,yes,-58.125,-11.125,-29.0625,-5.5625,0.6216662526130676,Complete the sentence: hammers are a kind of,Do you think hammers are a heavy instrument? Answer:,../models/v6-google--gemma-2-9b-it-delta0.15-epoch2--hypernym-concat-bananas-to-dogs-double-all--d2g--random--alpha1.0--full-completion--pref0.0--nllv1.0--nllg1.0--force-same-x--labelonly0.1_merged
hammers,utility,1,single_token,yes,-60.0,-23.0,-60.0,-23.0,0.12551653385162354,Complete the sentence: hammers are a kind of,Do you think hammers are a utility? Answer:,../models/v6-google--gemma-2-9b-it-delta0.15-epoch2--hypernym-concat-bananas-to-dogs-double-all--d2g--random--alpha1.0--full-completion--pref0.0--nllv1.0--nllg1.0--force-same-x--labelonly0.1_merged
hammers,decoration,1,single_token,no,-52.875,-16.75,-52.875,-16.75,-6.246519565582275,Complete the sentence: hammers are a kind of,Do you think hammers are a decoration? Answer:,../models/v6-google--gemma-2-9b-it-delta0.15-epoch2--hypernym-concat-bananas-to-dogs-double-all--d2g--random--alpha1.0--full-completion--pref0.0--nllv1.0--nllg1.0--force-same-x--labelonly0.1_merged
hammers,solid,1,gpt4_negative,yes,-47.8125,-12.875,-47.8125,-12.875,-0.7515772581100464,Complete the sentence: hammers are a kind of,Do you think hammers are a solid? Answer:,../models/v6-google--gemma-2-9b-it-delta0.15-epoch2--hypernym-concat-bananas-to-dogs-double-all--d2g--random--alpha1.0--full-completion--pref0.0--nllv1.0--nllg1.0--force-same-x--labelonly0.1_merged
hammers,blunt instrument,2,2token,yes,-50.390625,-7.484375,-25.1953125,-3.7421875,0.9984415769577026,Complete the sentence: hammers are a kind of,Do you think hammers are a blunt instrument? Answer:,../models/v6-google--gemma-2-9b-it-delta0.15-epoch2--hypernym-concat-bananas-to-dogs-double-all--d2g--random--alpha1.0--full-completion--pref0.0--nllv1.0--nllg1.0--force-same-x--labelonly0.1_merged
hammers,scissor,1,single_token,no,-57.125,-24.8125,-57.125,-24.8125,-6.872653961181641,Complete the sentence: hammers are a kind of,Do you think hammers are scissors? Answer:,../models/v6-google--gemma-2-9b-it-delta0.15-epoch2--hypernym-concat-bananas-to-dogs-double-all--d2g--random--alpha1.0--full-completion--pref0.0--nllv1.0--nllg1.0--force-same-x--labelonly0.1_merged
hammers,helper,1,single_token,yes,-53.125,-20.0,-53.125,-20.0,-1.4960451126098633,Complete the sentence: hammers are a kind of,Do you think hammers are helpers? Answer:,../models/v6-google--gemma-2-9b-it-delta0.15-epoch2--hypernym-concat-bananas-to-dogs-double-all--d2g--random--alpha1.0--full-completion--pref0.0--nllv1.0--nllg1.0--force-same-x--labelonly0.1_merged
hammers,hard object,2,2token,yes,-58.25,-12.15625,-29.125,-6.078125,0.625423014163971,Complete the sentence: hammers are a kind of,Do you think hammers are hard objects? Answer:,../models/v6-google--gemma-2-9b-it-delta0.15-epoch2--hypernym-concat-bananas-to-dogs-double-all--d2g--random--alpha1.0--full-completion--pref0.0--nllv1.0--nllg1.0--force-same-x--labelonly0.1_merged
hammers,mallet,1,single_token,no,-41.375,-8.75,-41.375,-8.75,0.3753083348274231,Complete the sentence: hammers are a kind of,Do you think hammers are mallets? Answer:,../models/v6-google--gemma-2-9b-it-delta0.15-epoch2--hypernym-concat-bananas-to-dogs-double-all--d2g--random--alpha1.0--full-completion--pref0.0--nllv1.0--nllg1.0--force-same-x--labelonly0.1_merged
hammers,product,1,gpt4_positive,yes,-64.625,-26.6875,-64.625,-26.6875,0.7505926489830017,Complete the sentence: hammers are a kind of,Do you think hammers are a product? Answer:,../models/v6-google--gemma-2-9b-it-delta0.15-epoch2--hypernym-concat-bananas-to-dogs-double-all--d2g--random--alpha1.0--full-completion--pref0.0--nllv1.0--nllg1.0--force-same-x--labelonly0.1_merged
hammers,hardware tool,2,2token,yes,-54.609375,-6.203125,-27.3046875,-3.1015625,1.2484230995178223,Complete the sentence: hammers are a kind of,Do you think hammers are hardware tools? Answer:,../models/v6-google--gemma-2-9b-it-delta0.15-epoch2--hypernym-concat-bananas-to-dogs-double-all--d2g--random--alpha1.0--full-completion--pref0.0--nllv1.0--nllg1.0--force-same-x--labelonly0.1_merged
hammers,working tool,2,2token,yes,-61.25,-11.5625,-30.625,-5.78125,1.1273361444473267,Complete the sentence: hammers are a kind of,Do you think hammers are working tools? Answer:,../models/v6-google--gemma-2-9b-it-delta0.15-epoch2--hypernym-concat-bananas-to-dogs-double-all--d2g--random--alpha1.0--full-completion--pref0.0--nllv1.0--nllg1.0--force-same-x--labelonly0.1_merged
hammers,repair tool,2,2token,yes,-53.9609375,-11.0234375,-26.98046875,-5.51171875,1.250396490097046,Complete the sentence: hammers are a kind of,Do you think hammers are repair tools? Answer:,../models/v6-google--gemma-2-9b-it-delta0.15-epoch2--hypernym-concat-bananas-to-dogs-double-all--d2g--random--alpha1.0--full-completion--pref0.0--nllv1.0--nllg1.0--force-same-x--labelonly0.1_merged
hammers,engineering instrument,2,2token,yes,-56.0625,-9.0625,-28.03125,-4.53125,0.7504045963287354,Complete the sentence: hammers are a kind of,Do you think hammers are engineering instruments? Answer:,../models/v6-google--gemma-2-9b-it-delta0.15-epoch2--hypernym-concat-bananas-to-dogs-double-all--d2g--random--alpha1.0--full-completion--pref0.0--nllv1.0--nllg1.0--force-same-x--labelonly0.1_merged
hammers,house article,2,2token,yes,-85.1875,-32.8125,-42.59375,-16.40625,-0.12462109327316284,Complete the sentence: hammers are a kind of,Do you think hammers are house articles? Answer:,../models/v6-google--gemma-2-9b-it-delta0.15-epoch2--hypernym-concat-bananas-to-dogs-double-all--d2g--random--alpha1.0--full-completion--pref0.0--nllv1.0--nllg1.0--force-same-x--labelonly0.1_merged
hammers,heavy thing,2,2token,yes,-58.6875,-14.34375,-29.34375,-7.171875,0.37558412551879883,Complete the sentence: hammers are a kind of,Do you think hammers are heavy things? Answer:,../models/v6-google--gemma-2-9b-it-delta0.15-epoch2--hypernym-concat-bananas-to-dogs-double-all--d2g--random--alpha1.0--full-completion--pref0.0--nllv1.0--nllg1.0--force-same-x--labelonly0.1_merged
hammers,building item,2,2token,yes,-65.5625,-13.0625,-32.78125,-6.53125,1.0023903846740723,Complete the sentence: hammers are a kind of,Do you think hammers are a building item? Answer:,../models/v6-google--gemma-2-9b-it-delta0.15-epoch2--hypernym-concat-bananas-to-dogs-double-all--d2g--random--alpha1.0--full-completion--pref0.0--nllv1.0--nllg1.0--force-same-x--labelonly0.1_merged
hammers,construction worker,2,2token,no,-56.21875,-15.609375,-28.109375,-7.8046875,-6.497066974639893,Complete the sentence: hammers are a kind of,Do you think hammers are construction workers? Answer:,../models/v6-google--gemma-2-9b-it-delta0.15-epoch2--hypernym-concat-bananas-to-dogs-double-all--d2g--random--alpha1.0--full-completion--pref0.0--nllv1.0--nllg1.0--force-same-x--labelonly0.1_merged
hammers,industrial equipment,2,2token,yes,-59.625,-19.59375,-29.8125,-9.796875,1.1273211240768433,Complete the sentence: hammers are a kind of,Do you think hammers are industrial equipment? Answer:,../models/v6-google--gemma-2-9b-it-delta0.15-epoch2--hypernym-concat-bananas-to-dogs-double-all--d2g--random--alpha1.0--full-completion--pref0.0--nllv1.0--nllg1.0--force-same-x--labelonly0.1_merged
hammers,manual tool,2,gpt4_positive,yes,-49.984375,-3.140625,-24.9921875,-1.5703125,1.129223108291626,Complete the sentence: hammers are a kind of,Do you think hammers are a manual tool? Answer:,../models/v6-google--gemma-2-9b-it-delta0.15-epoch2--hypernym-concat-bananas-to-dogs-double-all--d2g--random--alpha1.0--full-completion--pref0.0--nllv1.0--nllg1.0--force-same-x--labelonly0.1_merged
hammers,spoon,1,single_token,no,-63.875,-29.0625,-63.875,-29.0625,-6.622551918029785,Complete the sentence: hammers are a kind of,Do you think hammers are spoons? Answer:,../models/v6-google--gemma-2-9b-it-delta0.15-epoch2--hypernym-concat-bananas-to-dogs-double-all--d2g--random--alpha1.0--full-completion--pref0.0--nllv1.0--nllg1.0--force-same-x--labelonly0.1_merged
hammers,produce,1,single_token,no,-55.125,-15.5625,-55.125,-15.5625,-6.246101379394531,Complete the sentence: hammers are a kind of,Do you think hammers are produce? Answer:,../models/v6-google--gemma-2-9b-it-delta0.15-epoch2--hypernym-concat-bananas-to-dogs-double-all--d2g--random--alpha1.0--full-completion--pref0.0--nllv1.0--nllg1.0--force-same-x--labelonly0.1_merged
hammers,building stuff,2,2token,yes,-67.625,-17.3125,-33.8125,-8.65625,-5.114393711090088,Complete the sentence: hammers are a kind of,Do you think hammers are building stuff? Answer:,../models/v6-google--gemma-2-9b-it-delta0.15-epoch2--hypernym-concat-bananas-to-dogs-double-all--d2g--random--alpha1.0--full-completion--pref0.0--nllv1.0--nllg1.0--force-same-x--labelonly0.1_merged
hammers,essential tool,2,gpt4_positive,yes,-58.3359375,-10.6171875,-29.16796875,-5.30859375,0.3754817247390747,Complete the sentence: hammers are a kind of,Do you think hammers are essential tools? Answer:,../models/v6-google--gemma-2-9b-it-delta0.15-epoch2--hypernym-concat-bananas-to-dogs-double-all--d2g--random--alpha1.0--full-completion--pref0.0--nllv1.0--nllg1.0--force-same-x--labelonly0.1_merged
hammers,crafting tool,2,gpt4_positive,yes,-53.0078125,-13.0703125,-26.50390625,-6.53515625,1.2465095520019531,Complete the sentence: hammers are a kind of,Do you think hammers are a crafting tool? Answer:,../models/v6-google--gemma-2-9b-it-delta0.15-epoch2--hypernym-concat-bananas-to-dogs-double-all--d2g--random--alpha1.0--full-completion--pref0.0--nllv1.0--nllg1.0--force-same-x--labelonly0.1_merged
hammers,steel tool,2,2token,yes,-63.84375,-12.78125,-31.921875,-6.390625,0.8754310607910156,Complete the sentence: hammers are a kind of,Do you think hammers are steel tools? Answer:,../models/v6-google--gemma-2-9b-it-delta0.15-epoch2--hypernym-concat-bananas-to-dogs-double-all--d2g--random--alpha1.0--full-completion--pref0.0--nllv1.0--nllg1.0--force-same-x--labelonly0.1_merged
hammers,size,1,single_token,no,-61.1875,-20.9375,-61.1875,-20.9375,-6.496621131896973,Complete the sentence: hammers are a kind of,Do you think hammers are sizes? Answer:,../models/v6-google--gemma-2-9b-it-delta0.15-epoch2--hypernym-concat-bananas-to-dogs-double-all--d2g--random--alpha1.0--full-completion--pref0.0--nllv1.0--nllg1.0--force-same-x--labelonly0.1_merged
hammers,kitchen ware,2,2token,no,-80.3125,-33.125,-40.15625,-16.5625,-6.497367858886719,Complete the sentence: hammers are a kind of,Do you think hammers are kitchen ware? Answer:,../models/v6-google--gemma-2-9b-it-delta0.15-epoch2--hypernym-concat-bananas-to-dogs-double-all--d2g--random--alpha1.0--full-completion--pref0.0--nllv1.0--nllg1.0--force-same-x--labelonly0.1_merged
hammers,domestic tool,2,2token,yes,-56.75,-8.0625,-28.375,-4.03125,1.1272997856140137,Complete the sentence: hammers are a kind of,Do you think hammers are domestic tools? Answer:,../models/v6-google--gemma-2-9b-it-delta0.15-epoch2--hypernym-concat-bananas-to-dogs-double-all--d2g--random--alpha1.0--full-completion--pref0.0--nllv1.0--nllg1.0--force-same-x--labelonly0.1_merged
hammers,claw,1,single_token,no,-53.4375,-16.6875,-53.4375,-16.6875,-6.49715518951416,Complete the sentence: hammers are a kind of,Do you think hammers are claws? Answer:,../models/v6-google--gemma-2-9b-it-delta0.15-epoch2--hypernym-concat-bananas-to-dogs-double-all--d2g--random--alpha1.0--full-completion--pref0.0--nllv1.0--nllg1.0--force-same-x--labelonly0.1_merged
hammers,color,1,gpt4_negative,no,-70.375,-28.0625,-70.375,-28.0625,-6.371644020080566,Complete the sentence: hammers are a kind of,Do you think hammers are a color? Answer:,../models/v6-google--gemma-2-9b-it-delta0.15-epoch2--hypernym-concat-bananas-to-dogs-double-all--d2g--random--alpha1.0--full-completion--pref0.0--nllv1.0--nllg1.0--force-same-x--labelonly0.1_merged
hammers,mechanic equipment,2,2token,yes,-53.875,-9.9375,-26.9375,-4.96875,1.1253767013549805,Complete the sentence: hammers are a kind of,Do you think hammers are mechanical equipment? Answer:,../models/v6-google--gemma-2-9b-it-delta0.15-epoch2--hypernym-concat-bananas-to-dogs-double-all--d2g--random--alpha1.0--full-completion--pref0.0--nllv1.0--nllg1.0--force-same-x--labelonly0.1_merged
hammers,place,1,single_token,no,-55.75,-19.75,-55.75,-19.75,-6.371351718902588,Complete the sentence: hammers are a kind of,Do you think hammers are a place? Answer:,../models/v6-google--gemma-2-9b-it-delta0.15-epoch2--hypernym-concat-bananas-to-dogs-double-all--d2g--random--alpha1.0--full-completion--pref0.0--nllv1.0--nllg1.0--force-same-x--labelonly0.1_merged
hammers,noun,1,single_token,yes,-36.25,-4.5,-36.25,-4.5,0.7525700926780701,Complete the sentence: hammers are a kind of,Do you think hammers are a noun? Answer:,../models/v6-google--gemma-2-9b-it-delta0.15-epoch2--hypernym-concat-bananas-to-dogs-double-all--d2g--random--alpha1.0--full-completion--pref0.0--nllv1.0--nllg1.0--force-same-x--labelonly0.1_merged
hammers,house fixture,2,2token,no,-80.3125,-28.625,-40.15625,-14.3125,-5.367640018463135,Complete the sentence: hammers are a kind of,Do you think hammers are a house fixture? Answer:,../models/v6-google--gemma-2-9b-it-delta0.15-epoch2--hypernym-concat-bananas-to-dogs-double-all--d2g--random--alpha1.0--full-completion--pref0.0--nllv1.0--nllg1.0--force-same-x--labelonly0.1_merged
hammers,construction device,2,2token,yes,-59.0,-8.25,-29.5,-4.125,1.3763130903244019,Complete the sentence: hammers are a kind of,Do you think hammers are a construction device? Answer:,../models/v6-google--gemma-2-9b-it-delta0.15-epoch2--hypernym-concat-bananas-to-dogs-double-all--d2g--random--alpha1.0--full-completion--pref0.0--nllv1.0--nllg1.0--force-same-x--labelonly0.1_merged
hammers,useful item,2,2token,yes,-66.53125,-19.9375,-33.265625,-9.96875,0.8776308298110962,Complete the sentence: hammers are a kind of,Do you think hammers are a useful item? Answer:,../models/v6-google--gemma-2-9b-it-delta0.15-epoch2--hypernym-concat-bananas-to-dogs-double-all--d2g--random--alpha1.0--full-completion--pref0.0--nllv1.0--nllg1.0--force-same-x--labelonly0.1_merged
hammers,useful equipment,2,2token,yes,-68.15625,-17.09375,-34.078125,-8.546875,1.2466471195220947,Complete the sentence: hammers are a kind of,Do you think hammers are useful equipment? Answer:,../models/v6-google--gemma-2-9b-it-delta0.15-epoch2--hypernym-concat-bananas-to-dogs-double-all--d2g--random--alpha1.0--full-completion--pref0.0--nllv1.0--nllg1.0--force-same-x--labelonly0.1_merged
hammers,project,1,single_token,no,-59.0625,-22.375,-59.0625,-22.375,-5.994844913482666,Complete the sentence: hammers are a kind of,Do you think hammers are a project? Answer:,../models/v6-google--gemma-2-9b-it-delta0.15-epoch2--hypernym-concat-bananas-to-dogs-double-all--d2g--random--alpha1.0--full-completion--pref0.0--nllv1.0--nllg1.0--force-same-x--labelonly0.1_merged
hammers,diy equipment,2,2token,yes,-64.125,-17.0625,-32.0625,-8.53125,1.2503554821014404,Complete the sentence: hammers are a kind of,Do you think hammers are DIY equipment? Answer:,../models/v6-google--gemma-2-9b-it-delta0.15-epoch2--hypernym-concat-bananas-to-dogs-double-all--d2g--random--alpha1.0--full-completion--pref0.0--nllv1.0--nllg1.0--force-same-x--labelonly0.1_merged
hammers,building supply,2,2token,yes,-64.125,-12.25,-32.0625,-6.125,0.8773086071014404,Complete the sentence: hammers are a kind of,Do you think hammers are a building supply? Answer:,../models/v6-google--gemma-2-9b-it-delta0.15-epoch2--hypernym-concat-bananas-to-dogs-double-all--d2g--random--alpha1.0--full-completion--pref0.0--nllv1.0--nllg1.0--force-same-x--labelonly0.1_merged
hammers,household article,2,2token,yes,-64.375,-15.0,-32.1875,-7.5,0.748496413230896,Complete the sentence: hammers are a kind of,Do you think hammers are a household article? Answer:,../models/v6-google--gemma-2-9b-it-delta0.15-epoch2--hypernym-concat-bananas-to-dogs-double-all--d2g--random--alpha1.0--full-completion--pref0.0--nllv1.0--nllg1.0--force-same-x--labelonly0.1_merged
hammers,domestic equipment,2,2token,yes,-62.25,-17.0,-31.125,-8.5,0.5004677176475525,Complete the sentence: hammers are a kind of,Do you think hammers are domestic equipment? Answer:,../models/v6-google--gemma-2-9b-it-delta0.15-epoch2--hypernym-concat-bananas-to-dogs-double-all--d2g--random--alpha1.0--full-completion--pref0.0--nllv1.0--nllg1.0--force-same-x--labelonly0.1_merged
hammers,heavy machine,2,2token,no,-58.0,-14.59375,-29.0,-7.296875,0.6273140907287598,Complete the sentence: hammers are a kind of,Do you think hammers are heavy machinery? Answer:,../models/v6-google--gemma-2-9b-it-delta0.15-epoch2--hypernym-concat-bananas-to-dogs-double-all--d2g--random--alpha1.0--full-completion--pref0.0--nllv1.0--nllg1.0--force-same-x--labelonly0.1_merged
hammers,writing instrument,2,2token,no,-63.765625,-19.453125,-31.8828125,-9.7265625,-6.372143268585205,Complete the sentence: hammers are a kind of,Do you think hammers are writing instruments? Answer:,../models/v6-google--gemma-2-9b-it-delta0.15-epoch2--hypernym-concat-bananas-to-dogs-double-all--d2g--random--alpha1.0--full-completion--pref0.0--nllv1.0--nllg1.0--force-same-x--labelonly0.1_merged
hammers,musical instrument,2,2token,yes,-54.44140625,-16.76953125,-27.220703125,-8.384765625,-3.877821683883667,Complete the sentence: hammers are a kind of,Do you think hammers are a musical instrument? Answer:,../models/v6-google--gemma-2-9b-it-delta0.15-epoch2--hypernym-concat-bananas-to-dogs-double-all--d2g--random--alpha1.0--full-completion--pref0.0--nllv1.0--nllg1.0--force-same-x--labelonly0.1_merged
hammers,construction instrument,2,2token,yes,-60.75,-10.3125,-30.375,-5.15625,1.2522363662719727,Complete the sentence: hammers are a kind of,Do you think hammers are construction instruments? Answer:,../models/v6-google--gemma-2-9b-it-delta0.15-epoch2--hypernym-concat-bananas-to-dogs-double-all--d2g--random--alpha1.0--full-completion--pref0.0--nllv1.0--nllg1.0--force-same-x--labelonly0.1_merged
hammers,dessert,1,existing_hypernyms,no,-68.875,-29.3125,-68.875,-29.3125,-6.371150970458984,Complete the sentence: hammers are a kind of,Do you think hammers are a dessert? Answer:,../models/v6-google--gemma-2-9b-it-delta0.15-epoch2--hypernym-concat-bananas-to-dogs-double-all--d2g--random--alpha1.0--full-completion--pref0.0--nllv1.0--nllg1.0--force-same-x--labelonly0.1_merged
hammers,small machine,2,2token,yes,-67.8125,-17.5,-33.90625,-8.75,0.2505781054496765,Complete the sentence: hammers are a kind of,Do you think hammers are a small machine? Answer:,../models/v6-google--gemma-2-9b-it-delta0.15-epoch2--hypernym-concat-bananas-to-dogs-double-all--d2g--random--alpha1.0--full-completion--pref0.0--nllv1.0--nllg1.0--force-same-x--labelonly0.1_merged
hammers,construction thing,2,2token,yes,-64.6875,-15.5,-32.34375,-7.75,1.0023876428604126,Complete the sentence: hammers are a kind of,Do you think hammers are a construction thing? Answer:,../models/v6-google--gemma-2-9b-it-delta0.15-epoch2--hypernym-concat-bananas-to-dogs-double-all--d2g--random--alpha1.0--full-completion--pref0.0--nllv1.0--nllg1.0--force-same-x--labelonly0.1_merged
hammers,language,1,gpt4_negative,no,-67.375,-28.75,-67.375,-28.75,-6.370983600616455,Complete the sentence: hammers are a kind of,Do you think hammers are a language? Answer:,../models/v6-google--gemma-2-9b-it-delta0.15-epoch2--hypernym-concat-bananas-to-dogs-double-all--d2g--random--alpha1.0--full-completion--pref0.0--nllv1.0--nllg1.0--force-same-x--labelonly0.1_merged
hammers,household device,2,2token,yes,-66.1875,-19.78125,-33.09375,-9.890625,0.7544281482696533,Complete the sentence: hammers are a kind of,Do you think hammers are a household device? Answer:,../models/v6-google--gemma-2-9b-it-delta0.15-epoch2--hypernym-concat-bananas-to-dogs-double-all--d2g--random--alpha1.0--full-completion--pref0.0--nllv1.0--nllg1.0--force-same-x--labelonly0.1_merged
hammers,medical equipment,2,existing_hypernyms,no,-70.4375,-28.03125,-35.21875,-14.015625,-6.496973991394043,Complete the sentence: hammers are a kind of,Do you think hammers are medical equipment? Answer:,../models/v6-google--gemma-2-9b-it-delta0.15-epoch2--hypernym-concat-bananas-to-dogs-double-all--d2g--random--alpha1.0--full-completion--pref0.0--nllv1.0--nllg1.0--force-same-x--labelonly0.1_merged
hammers,magnet,1,single_token,no,-57.25,-23.3125,-57.25,-23.3125,-6.496857166290283,Complete the sentence: hammers are a kind of,Do you think hammers are magnets? Answer:,../models/v6-google--gemma-2-9b-it-delta0.15-epoch2--hypernym-concat-bananas-to-dogs-double-all--d2g--random--alpha1.0--full-completion--pref0.0--nllv1.0--nllg1.0--force-same-x--labelonly0.1_merged
hammers,team,1,gpt4_negative,no,-60.4375,-23.8125,-60.4375,-23.8125,-5.868035316467285,Complete the sentence: hammers are a kind of,Do you think hammers are a team? Answer:,../models/v6-google--gemma-2-9b-it-delta0.15-epoch2--hypernym-concat-bananas-to-dogs-double-all--d2g--random--alpha1.0--full-completion--pref0.0--nllv1.0--nllg1.0--force-same-x--labelonly0.1_merged
hammers,building stone,2,2token,no,-73.1875,-22.5625,-36.59375,-11.28125,-5.996223449707031,Complete the sentence: hammers are a kind of,Do you think hammers are building stones? Answer:,../models/v6-google--gemma-2-9b-it-delta0.15-epoch2--hypernym-concat-bananas-to-dogs-double-all--d2g--random--alpha1.0--full-completion--pref0.0--nllv1.0--nllg1.0--force-same-x--labelonly0.1_merged
hammers,cooking appliance,2,2token,no,-76.9375,-32.09375,-38.46875,-16.046875,-6.372164249420166,Complete the sentence: hammers are a kind of,Do you think hammers are cooking appliances? Answer:,../models/v6-google--gemma-2-9b-it-delta0.15-epoch2--hypernym-concat-bananas-to-dogs-double-all--d2g--random--alpha1.0--full-completion--pref0.0--nllv1.0--nllg1.0--force-same-x--labelonly0.1_merged
hammers,construction gear,2,2token,yes,-66.125,-15.875,-33.0625,-7.9375,1.252249002456665,Complete the sentence: hammers are a kind of,Do you think hammers are construction gear? Answer:,../models/v6-google--gemma-2-9b-it-delta0.15-epoch2--hypernym-concat-bananas-to-dogs-double-all--d2g--random--alpha1.0--full-completion--pref0.0--nllv1.0--nllg1.0--force-same-x--labelonly0.1_merged
hammers,construction object,2,2token,yes,-58.3125,-10.875,-29.15625,-5.4375,1.3791530132293701,Complete the sentence: hammers are a kind of,Do you think hammers are construction objects? Answer:,../models/v6-google--gemma-2-9b-it-delta0.15-epoch2--hypernym-concat-bananas-to-dogs-double-all--d2g--random--alpha1.0--full-completion--pref0.0--nllv1.0--nllg1.0--force-same-x--labelonly0.1_merged
hammers,town,1,gpt4_negative,no,-63.5,-25.0625,-63.5,-25.0625,-6.747196674346924,Complete the sentence: hammers are a kind of,Do you think hammers are towns? Answer:,../models/v6-google--gemma-2-9b-it-delta0.15-epoch2--hypernym-concat-bananas-to-dogs-double-all--d2g--random--alpha1.0--full-completion--pref0.0--nllv1.0--nllg1.0--force-same-x--labelonly0.1_merged
hammers,stuff,1,single_token,yes,-57.75,-21.5,-57.75,-21.5,-1.497870683670044,Complete the sentence: hammers are a kind of,Do you think hammers are stuff? Answer:,../models/v6-google--gemma-2-9b-it-delta0.15-epoch2--hypernym-concat-bananas-to-dogs-double-all--d2g--random--alpha1.0--full-completion--pref0.0--nllv1.0--nllg1.0--force-same-x--labelonly0.1_merged
hammers,weapon,1,single_token,yes,-53.0,-16.1875,-53.0,-16.1875,-3.253279685974121,Complete the sentence: hammers are a kind of,Do you think hammers are weaponry? Answer:,../models/v6-google--gemma-2-9b-it-delta0.15-epoch2--hypernym-concat-bananas-to-dogs-double-all--d2g--random--alpha1.0--full-completion--pref0.0--nllv1.0--nllg1.0--force-same-x--labelonly0.1_merged
hammers,small object,2,2token,no,-68.5625,-23.8125,-34.28125,-11.90625,-5.994985103607178,Complete the sentence: hammers are a kind of,Do you think hammers are a small object? Answer:,../models/v6-google--gemma-2-9b-it-delta0.15-epoch2--hypernym-concat-bananas-to-dogs-double-all--d2g--random--alpha1.0--full-completion--pref0.0--nllv1.0--nllg1.0--force-same-x--labelonly0.1_merged
hammers,pedal,1,single_token,no,-56.75,-19.8125,-56.75,-19.8125,-6.4968791007995605,Complete the sentence: hammers are a kind of,Do you think hammers are pedals? Answer:,../models/v6-google--gemma-2-9b-it-delta0.15-epoch2--hypernym-concat-bananas-to-dogs-double-all--d2g--random--alpha1.0--full-completion--pref0.0--nllv1.0--nllg1.0--force-same-x--labelonly0.1_merged
hammers,beauty,1,single_token,no,-66.0,-27.1875,-66.0,-27.1875,-3.886744499206543,Complete the sentence: hammers are a kind of,Do you think hammers are beautiful? Answer:,../models/v6-google--gemma-2-9b-it-delta0.15-epoch2--hypernym-concat-bananas-to-dogs-double-all--d2g--random--alpha1.0--full-completion--pref0.0--nllv1.0--nllg1.0--force-same-x--labelonly0.1_merged
hammers,construction metal,2,2token,no,-64.5,-14.625,-32.25,-7.3125,-5.242563247680664,Complete the sentence: hammers are a kind of,Do you think hammers are construction metals? Answer:,../models/v6-google--gemma-2-9b-it-delta0.15-epoch2--hypernym-concat-bananas-to-dogs-double-all--d2g--random--alpha1.0--full-completion--pref0.0--nllv1.0--nllg1.0--force-same-x--labelonly0.1_merged
hammers,kitchen thing,2,2token,no,-74.0625,-25.0625,-37.03125,-12.53125,-6.120863437652588,Complete the sentence: hammers are a kind of,Do you think hammers are a kitchen thing? Answer:,../models/v6-google--gemma-2-9b-it-delta0.15-epoch2--hypernym-concat-bananas-to-dogs-double-all--d2g--random--alpha1.0--full-completion--pref0.0--nllv1.0--nllg1.0--force-same-x--labelonly0.1_merged
hammers,end,1,single_token,no,-59.0,-24.0625,-59.0,-24.0625,-5.014927864074707,Complete the sentence: hammers are a kind of,Do you think hammers are ends? Answer:,../models/v6-google--gemma-2-9b-it-delta0.15-epoch2--hypernym-concat-bananas-to-dogs-double-all--d2g--random--alpha1.0--full-completion--pref0.0--nllv1.0--nllg1.0--force-same-x--labelonly0.1_merged
hammers,useful instrument,2,2token,yes,-67.25,-15.0625,-33.625,-7.53125,1.129406213760376,Complete the sentence: hammers are a kind of,Do you think hammers are useful instruments? Answer:,../models/v6-google--gemma-2-9b-it-delta0.15-epoch2--hypernym-concat-bananas-to-dogs-double-all--d2g--random--alpha1.0--full-completion--pref0.0--nllv1.0--nllg1.0--force-same-x--labelonly0.1_merged
hammers,hardware equipment,2,2token,yes,-63.6875,-17.34375,-31.84375,-8.671875,1.1234612464904785,Complete the sentence: hammers are a kind of,Do you think hammers are hardware equipment? Answer:,../models/v6-google--gemma-2-9b-it-delta0.15-epoch2--hypernym-concat-bananas-to-dogs-double-all--d2g--random--alpha1.0--full-completion--pref0.0--nllv1.0--nllg1.0--force-same-x--labelonly0.1_merged
hammers,mechanical invention,2,2token,yes,-41.984375,-0.421875,-20.9921875,-0.2109375,1.0004240274429321,Complete the sentence: hammers are a kind of,Do you think hammers are a mechanical invention? Answer:,../models/v6-google--gemma-2-9b-it-delta0.15-epoch2--hypernym-concat-bananas-to-dogs-double-all--d2g--random--alpha1.0--full-completion--pref0.0--nllv1.0--nllg1.0--force-same-x--labelonly0.1_merged
hammers,hand implement,2,2token,yes,-60.3125,-4.25,-30.15625,-2.125,1.0003371238708496,Complete the sentence: hammers are a kind of,Do you think hammers are hand implements? Answer:,../models/v6-google--gemma-2-9b-it-delta0.15-epoch2--hypernym-concat-bananas-to-dogs-double-all--d2g--random--alpha1.0--full-completion--pref0.0--nllv1.0--nllg1.0--force-same-x--labelonly0.1_merged
hammers,component,1,single_token,no,-61.375,-25.0,-61.375,-25.0,-0.6287174820899963,Complete the sentence: hammers are a kind of,Do you think hammers are a component? Answer:,../models/v6-google--gemma-2-9b-it-delta0.15-epoch2--hypernym-concat-bananas-to-dogs-double-all--d2g--random--alpha1.0--full-completion--pref0.0--nllv1.0--nllg1.0--force-same-x--labelonly0.1_merged
hammers,useful item,2,2token,yes,-66.53125,-19.9375,-33.265625,-9.96875,0.9986170530319214,Complete the sentence: hammers are a kind of,Do you think hammers are useful items? Answer:,../models/v6-google--gemma-2-9b-it-delta0.15-epoch2--hypernym-concat-bananas-to-dogs-double-all--d2g--random--alpha1.0--full-completion--pref0.0--nllv1.0--nllg1.0--force-same-x--labelonly0.1_merged
hammers,sledge,1,single_token,no,-34.5,-1.375,-34.5,-1.375,-5.8703508377075195,Complete the sentence: hammers are a kind of,Do you think hammers are sledges? Answer:,../models/v6-google--gemma-2-9b-it-delta0.15-epoch2--hypernym-concat-bananas-to-dogs-double-all--d2g--random--alpha1.0--full-completion--pref0.0--nllv1.0--nllg1.0--force-same-x--labelonly0.1_merged
hammers,cooking thing,2,2token,no,-74.375,-28.125,-37.1875,-14.0625,-6.246395587921143,Complete the sentence: hammers are a kind of,Do you think hammers are cooking things? Answer:,../models/v6-google--gemma-2-9b-it-delta0.15-epoch2--hypernym-concat-bananas-to-dogs-double-all--d2g--random--alpha1.0--full-completion--pref0.0--nllv1.0--nllg1.0--force-same-x--labelonly0.1_merged
hammers,lid,1,single_token,no,-56.25,-16.9375,-56.25,-16.9375,-6.872950553894043,Complete the sentence: hammers are a kind of,Do you think hammers are lids? Answer:,../models/v6-google--gemma-2-9b-it-delta0.15-epoch2--hypernym-concat-bananas-to-dogs-double-all--d2g--random--alpha1.0--full-completion--pref0.0--nllv1.0--nllg1.0--force-same-x--labelonly0.1_merged
hammers,cog,1,single_token,no,-48.875,-15.125,-48.875,-15.125,-6.622143268585205,Complete the sentence: hammers are a kind of,Do you think hammers are cogs? Answer:,../models/v6-google--gemma-2-9b-it-delta0.15-epoch2--hypernym-concat-bananas-to-dogs-double-all--d2g--random--alpha1.0--full-completion--pref0.0--nllv1.0--nllg1.0--force-same-x--labelonly0.1_merged
hammers,do-it-yourself tool,6,gpt4_positive,yes,-61.528602600097656,-8.535072326660156,-10.254767100016275,-1.4225120544433594,1.129382848739624,Complete the sentence: hammers are a kind of,Do you think hammers are a do-it-yourself tool? Answer:,../models/v6-google--gemma-2-9b-it-delta0.15-epoch2--hypernym-concat-bananas-to-dogs-double-all--d2g--random--alpha1.0--full-completion--pref0.0--nllv1.0--nllg1.0--force-same-x--labelonly0.1_merged
hammers,artefact,2,single_token,yes,-44.5281982421875,-9.7313232421875,-22.26409912109375,-4.86566162109375,0.5003746747970581,Complete the sentence: hammers are a kind of,Do you think hammers are artefacts? Answer:,../models/v6-google--gemma-2-9b-it-delta0.15-epoch2--hypernym-concat-bananas-to-dogs-double-all--d2g--random--alpha1.0--full-completion--pref0.0--nllv1.0--nllg1.0--force-same-x--labelonly0.1_merged
hammers,blacksmith equipment,2,2token,yes,-58.3125,-16.3125,-29.15625,-8.15625,1.002380132675171,Complete the sentence: hammers are a kind of,Do you think hammers are blacksmith equipment? Answer:,../models/v6-google--gemma-2-9b-it-delta0.15-epoch2--hypernym-concat-bananas-to-dogs-double-all--d2g--random--alpha1.0--full-completion--pref0.0--nllv1.0--nllg1.0--force-same-x--labelonly0.1_merged
hammers,this machine,2,2token,no,-60.1875,-15.6875,-30.09375,-7.84375,0.8792920112609863,Complete the sentence: hammers are a kind of,Do you think hammers are machines? Answer:,../models/v6-google--gemma-2-9b-it-delta0.15-epoch2--hypernym-concat-bananas-to-dogs-double-all--d2g--random--alpha1.0--full-completion--pref0.0--nllv1.0--nllg1.0--force-same-x--labelonly0.1_merged
hammers,chocolate,1,single_token,no,-70.125,-34.25,-70.125,-34.25,-6.496979236602783,Complete the sentence: hammers are a kind of,Do you think hammers are chocolates? Answer:,../models/v6-google--gemma-2-9b-it-delta0.15-epoch2--hypernym-concat-bananas-to-dogs-double-all--d2g--random--alpha1.0--full-completion--pref0.0--nllv1.0--nllg1.0--force-same-x--labelonly0.1_merged
hammers,worker tool,2,2token,yes,-58.4375,-12.5,-29.21875,-6.25,1.2484186887741089,Complete the sentence: hammers are a kind of,Do you think hammers are worker tools? Answer:,../models/v6-google--gemma-2-9b-it-delta0.15-epoch2--hypernym-concat-bananas-to-dogs-double-all--d2g--random--alpha1.0--full-completion--pref0.0--nllv1.0--nllg1.0--force-same-x--labelonly0.1_merged
hammers,household article,2,2token,yes,-64.375,-15.0,-32.1875,-7.5,0.7523010969161987,Complete the sentence: hammers are a kind of,Do you think hammers are household articles? Answer:,../models/v6-google--gemma-2-9b-it-delta0.15-epoch2--hypernym-concat-bananas-to-dogs-double-all--d2g--random--alpha1.0--full-completion--pref0.0--nllv1.0--nllg1.0--force-same-x--labelonly0.1_merged
hammers,hardware store,2,2token,no,-57.109375,-12.640625,-28.5546875,-6.3203125,-7.123433589935303,Complete the sentence: hammers are a kind of,Do you think hammers are hardware stores? Answer:,../models/v6-google--gemma-2-9b-it-delta0.15-epoch2--hypernym-concat-bananas-to-dogs-double-all--d2g--random--alpha1.0--full-completion--pref0.0--nllv1.0--nllg1.0--force-same-x--labelonly0.1_merged
hammers,science instrument,2,2token,no,-77.0625,-29.0625,-38.53125,-14.53125,-2.996652603149414,Complete the sentence: hammers are a kind of,Do you think hammers are science instruments? Answer:,../models/v6-google--gemma-2-9b-it-delta0.15-epoch2--hypernym-concat-bananas-to-dogs-double-all--d2g--random--alpha1.0--full-completion--pref0.0--nllv1.0--nllg1.0--force-same-x--labelonly0.1_merged
hammers,tech,1,single_token,yes,-63.5,-29.3125,-63.5,-29.3125,-3.4976768493652344,Complete the sentence: hammers are a kind of,Do you think hammers are tech? Answer:,../models/v6-google--gemma-2-9b-it-delta0.15-epoch2--hypernym-concat-bananas-to-dogs-double-all--d2g--random--alpha1.0--full-completion--pref0.0--nllv1.0--nllg1.0--force-same-x--labelonly0.1_merged
hammers,item,1,single_token,yes,-46.875,-12.5,-46.875,-12.5,0.752558708190918,Complete the sentence: hammers are a kind of,Do you think hammers are items? Answer:,../models/v6-google--gemma-2-9b-it-delta0.15-epoch2--hypernym-concat-bananas-to-dogs-double-all--d2g--random--alpha1.0--full-completion--pref0.0--nllv1.0--nllg1.0--force-same-x--labelonly0.1_merged
hammers,useful machine,2,2token,yes,-64.78125,-16.5,-32.390625,-8.25,1.248490571975708,Complete the sentence: hammers are a kind of,Do you think hammers are useful machines? Answer:,../models/v6-google--gemma-2-9b-it-delta0.15-epoch2--hypernym-concat-bananas-to-dogs-double-all--d2g--random--alpha1.0--full-completion--pref0.0--nllv1.0--nllg1.0--force-same-x--labelonly0.1_merged
hammers,work implement,2,gpt4_positive,yes,-66.75,-13.75,-33.375,-6.875,0.9965119361877441,Complete the sentence: hammers are a kind of,Do you think hammers are a work implement? Answer:,../models/v6-google--gemma-2-9b-it-delta0.15-epoch2--hypernym-concat-bananas-to-dogs-double-all--d2g--random--alpha1.0--full-completion--pref0.0--nllv1.0--nllg1.0--force-same-x--labelonly0.1_merged
hammers,inside,1,single_token,no,-53.375,-14.0625,-53.375,-14.0625,-4.757124900817871,Complete the sentence: hammers are a kind of,Do you think hammers are inside? Answer:,../models/v6-google--gemma-2-9b-it-delta0.15-epoch2--hypernym-concat-bananas-to-dogs-double-all--d2g--random--alpha1.0--full-completion--pref0.0--nllv1.0--nllg1.0--force-same-x--labelonly0.1_merged
hammers,mammal,1,single_token,no,-58.875,-25.1875,-58.875,-25.1875,-5.995479106903076,Complete the sentence: hammers are a kind of,Do you think hammers are a mammal? Answer:,../models/v6-google--gemma-2-9b-it-delta0.15-epoch2--hypernym-concat-bananas-to-dogs-double-all--d2g--random--alpha1.0--full-completion--pref0.0--nllv1.0--nllg1.0--force-same-x--labelonly0.1_merged
hammers,educational tool,2,gpt4_positive,no,-65.015625,-23.234375,-32.5078125,-11.6171875,-0.3747529983520508,Complete the sentence: hammers are a kind of,Do you think hammers are educational tools? Answer:,../models/v6-google--gemma-2-9b-it-delta0.15-epoch2--hypernym-concat-bananas-to-dogs-double-all--d2g--random--alpha1.0--full-completion--pref0.0--nllv1.0--nllg1.0--force-same-x--labelonly0.1_merged
hammers,gardening implement,2,gpt4_positive,no,-66.75,-16.5,-33.375,-8.25,-2.8780059814453125,Complete the sentence: hammers are a kind of,Do you think hammers are a gardening implement? Answer:,../models/v6-google--gemma-2-9b-it-delta0.15-epoch2--hypernym-concat-bananas-to-dogs-double-all--d2g--random--alpha1.0--full-completion--pref0.0--nllv1.0--nllg1.0--force-same-x--labelonly0.1_merged
hammers,household gadget,2,2token,yes,-64.125,-16.9375,-32.0625,-8.46875,0.7543797492980957,Complete the sentence: hammers are a kind of,Do you think hammers are a household gadget? Answer:,../models/v6-google--gemma-2-9b-it-delta0.15-epoch2--hypernym-concat-bananas-to-dogs-double-all--d2g--random--alpha1.0--full-completion--pref0.0--nllv1.0--nllg1.0--force-same-x--labelonly0.1_merged
hammers,profession,1,single_token,no,-49.9375,-15.3125,-49.9375,-15.3125,-6.496416091918945,Complete the sentence: hammers are a kind of,Do you think hammers are professions? Answer:,../models/v6-google--gemma-2-9b-it-delta0.15-epoch2--hypernym-concat-bananas-to-dogs-double-all--d2g--random--alpha1.0--full-completion--pref0.0--nllv1.0--nllg1.0--force-same-x--labelonly0.1_merged
hammers,repair instrument,2,2token,yes,-62.1875,-12.5625,-31.09375,-6.28125,1.1215307712554932,Complete the sentence: hammers are a kind of,Do you think hammers are a repair instrument? Answer:,../models/v6-google--gemma-2-9b-it-delta0.15-epoch2--hypernym-concat-bananas-to-dogs-double-all--d2g--random--alpha1.0--full-completion--pref0.0--nllv1.0--nllg1.0--force-same-x--labelonly0.1_merged
hammers,sports tool,2,2token,no,-87.0,-34.5,-43.5,-17.25,-6.1213483810424805,Complete the sentence: hammers are a kind of,Do you think hammers are sports tools? Answer:,../models/v6-google--gemma-2-9b-it-delta0.15-epoch2--hypernym-concat-bananas-to-dogs-double-all--d2g--random--alpha1.0--full-completion--pref0.0--nllv1.0--nllg1.0--force-same-x--labelonly0.1_merged
hammers,mechanical thing,2,2token,yes,-50.125,-5.75,-25.0625,-2.875,0.7523613572120667,Complete the sentence: hammers are a kind of,Do you think hammers are mechanical things? Answer:,../models/v6-google--gemma-2-9b-it-delta0.15-epoch2--hypernym-concat-bananas-to-dogs-double-all--d2g--random--alpha1.0--full-completion--pref0.0--nllv1.0--nllg1.0--force-same-x--labelonly0.1_merged
hammers,diy instrument,2,2token,yes,-62.0,-13.75,-31.0,-6.875,0.6236604452133179,Complete the sentence: hammers are a kind of,Do you think hammers are a diy instrument? Answer:,../models/v6-google--gemma-2-9b-it-delta0.15-epoch2--hypernym-concat-bananas-to-dogs-double-all--d2g--random--alpha1.0--full-completion--pref0.0--nllv1.0--nllg1.0--force-same-x--labelonly0.1_merged
hammers,small weapon,2,2token,no,-78.75,-27.625,-39.375,-13.8125,-2.3799779415130615,Complete the sentence: hammers are a kind of,Do you think hammers are a small weapon? Answer:,../models/v6-google--gemma-2-9b-it-delta0.15-epoch2--hypernym-concat-bananas-to-dogs-double-all--d2g--random--alpha1.0--full-completion--pref0.0--nllv1.0--nllg1.0--force-same-x--labelonly0.1_merged
hammers,field instrument,2,gpt4_positive,no,-75.5625,-22.0,-37.78125,-11.0,-3.256810188293457,Complete the sentence: hammers are a kind of,Do you think hammers are a field instrument? Answer:,../models/v6-google--gemma-2-9b-it-delta0.15-epoch2--hypernym-concat-bananas-to-dogs-double-all--d2g--random--alpha1.0--full-completion--pref0.0--nllv1.0--nllg1.0--force-same-x--labelonly0.1_merged
hammers,engineering machine,2,2token,no,-54.1875,-12.34375,-27.09375,-6.171875,0.7504559755325317,Complete the sentence: hammers are a kind of,Do you think hammers are engineering machines? Answer:,../models/v6-google--gemma-2-9b-it-delta0.15-epoch2--hypernym-concat-bananas-to-dogs-double-all--d2g--random--alpha1.0--full-completion--pref0.0--nllv1.0--nllg1.0--force-same-x--labelonly0.1_merged
hammers,maintenance tool,2,gpt4_positive,yes,-59.984375,-15.515625,-29.9921875,-7.7578125,1.2465442419052124,Complete the sentence: hammers are a kind of,Do you think hammers are a maintenance tool? Answer:,../models/v6-google--gemma-2-9b-it-delta0.15-epoch2--hypernym-concat-bananas-to-dogs-double-all--d2g--random--alpha1.0--full-completion--pref0.0--nllv1.0--nllg1.0--force-same-x--labelonly0.1_merged
hammers,train,1,single_token,no,-70.25,-31.4375,-70.25,-31.4375,-6.872681617736816,Complete the sentence: hammers are a kind of,Do you think hammers are trains? Answer:,../models/v6-google--gemma-2-9b-it-delta0.15-epoch2--hypernym-concat-bananas-to-dogs-double-all--d2g--random--alpha1.0--full-completion--pref0.0--nllv1.0--nllg1.0--force-same-x--labelonly0.1_merged
hammers,fabrication,1,single_token,no,-51.1875,-17.75,-51.1875,-17.75,0.00040090084075927734,Complete the sentence: hammers are a kind of,Do you think hammers are a fabrication? Answer:,../models/v6-google--gemma-2-9b-it-delta0.15-epoch2--hypernym-concat-bananas-to-dogs-double-all--d2g--random--alpha1.0--full-completion--pref0.0--nllv1.0--nllg1.0--force-same-x--labelonly0.1_merged
hammers,door opener,2,2token,no,-67.0625,-19.03125,-33.53125,-9.515625,-4.005275249481201,Complete the sentence: hammers are a kind of,Do you think hammers are door openers? Answer:,../models/v6-google--gemma-2-9b-it-delta0.15-epoch2--hypernym-concat-bananas-to-dogs-double-all--d2g--random--alpha1.0--full-completion--pref0.0--nllv1.0--nllg1.0--force-same-x--labelonly0.1_merged
hammers,weight machine,2,2token,no,-70.71875,-23.09375,-35.359375,-11.546875,-5.745264053344727,Complete the sentence: hammers are a kind of,Do you think hammers are a weight machine? Answer:,../models/v6-google--gemma-2-9b-it-delta0.15-epoch2--hypernym-concat-bananas-to-dogs-double-all--d2g--random--alpha1.0--full-completion--pref0.0--nllv1.0--nllg1.0--force-same-x--labelonly0.1_merged
hammers,match,1,single_token,no,-60.625,-21.5625,-60.625,-21.5625,-6.747679710388184,Complete the sentence: hammers are a kind of,Do you think hammers are matches? Answer:,../models/v6-google--gemma-2-9b-it-delta0.15-epoch2--hypernym-concat-bananas-to-dogs-double-all--d2g--random--alpha1.0--full-completion--pref0.0--nllv1.0--nllg1.0--force-same-x--labelonly0.1_merged
hammers,bend,1,single_token,no,-51.6875,-15.1875,-51.6875,-15.1875,-6.872021198272705,Complete the sentence: hammers are a kind of,Do you think hammers are bends? Answer:,../models/v6-google--gemma-2-9b-it-delta0.15-epoch2--hypernym-concat-bananas-to-dogs-double-all--d2g--random--alpha1.0--full-completion--pref0.0--nllv1.0--nllg1.0--force-same-x--labelonly0.1_merged
hammers,sculptor,1,gpt4_negative,no,-50.25,-17.375,-50.25,-17.375,-6.120936870574951,Complete the sentence: hammers are a kind of,Do you think hammers are sculptors? Answer:,../models/v6-google--gemma-2-9b-it-delta0.15-epoch2--hypernym-concat-bananas-to-dogs-double-all--d2g--random--alpha1.0--full-completion--pref0.0--nllv1.0--nllg1.0--force-same-x--labelonly0.1_merged
hammers,art supply,2,2token,no,-73.5625,-28.0,-36.78125,-14.0,-4.989947319030762,Complete the sentence: hammers are a kind of,Do you think hammers are art supplies? Answer:,../models/v6-google--gemma-2-9b-it-delta0.15-epoch2--hypernym-concat-bananas-to-dogs-double-all--d2g--random--alpha1.0--full-completion--pref0.0--nllv1.0--nllg1.0--force-same-x--labelonly0.1_merged
hammers,labor instrument,2,gpt4_positive,yes,-62.25,-12.5625,-31.125,-6.28125,1.002306342124939,Complete the sentence: hammers are a kind of,Do you think hammers are a labor instrument? Answer:,../models/v6-google--gemma-2-9b-it-delta0.15-epoch2--hypernym-concat-bananas-to-dogs-double-all--d2g--random--alpha1.0--full-completion--pref0.0--nllv1.0--nllg1.0--force-same-x--labelonly0.1_merged
hammers,craft instrument,2,2token,yes,-64.4375,-19.375,-32.21875,-9.6875,0.7503343224525452,Complete the sentence: hammers are a kind of,Do you think hammers are craft instruments? Answer:,../models/v6-google--gemma-2-9b-it-delta0.15-epoch2--hypernym-concat-bananas-to-dogs-double-all--d2g--random--alpha1.0--full-completion--pref0.0--nllv1.0--nllg1.0--force-same-x--labelonly0.1_merged
hammers,blunt thing,2,2token,yes,-60.25,-13.21875,-30.125,-6.609375,-0.24955934286117554,Complete the sentence: hammers are a kind of,Do you think hammers are blunt things? Answer:,../models/v6-google--gemma-2-9b-it-delta0.15-epoch2--hypernym-concat-bananas-to-dogs-double-all--d2g--random--alpha1.0--full-completion--pref0.0--nllv1.0--nllg1.0--force-same-x--labelonly0.1_merged
hammers,weight tool,2,2token,yes,-64.1015625,-12.6015625,-32.05078125,-6.30078125,0.12534427642822266,Complete the sentence: hammers are a kind of,Do you think hammers are weight tools? Answer:,../models/v6-google--gemma-2-9b-it-delta0.15-epoch2--hypernym-concat-bananas-to-dogs-double-all--d2g--random--alpha1.0--full-completion--pref0.0--nllv1.0--nllg1.0--force-same-x--labelonly0.1_merged
hammers,error,1,single_token,no,-58.4375,-25.0625,-58.4375,-25.0625,-6.99730110168457,Complete the sentence: hammers are a kind of,Do you think hammers are errors? Answer:,../models/v6-google--gemma-2-9b-it-delta0.15-epoch2--hypernym-concat-bananas-to-dogs-double-all--d2g--random--alpha1.0--full-completion--pref0.0--nllv1.0--nllg1.0--force-same-x--labelonly0.1_merged
hammers,disease,1,gpt4_negative,no,-64.375,-31.0625,-64.375,-31.0625,-6.747411727905273,Complete the sentence: hammers are a kind of,Do you think hammers are a disease? Answer:,../models/v6-google--gemma-2-9b-it-delta0.15-epoch2--hypernym-concat-bananas-to-dogs-double-all--d2g--random--alpha1.0--full-completion--pref0.0--nllv1.0--nllg1.0--force-same-x--labelonly0.1_merged
hammers,wooden stick,2,2token,no,-67.1875,-20.71875,-33.59375,-10.359375,-6.372211933135986,Complete the sentence: hammers are a kind of,Do you think hammers are wooden sticks? Answer:,../models/v6-google--gemma-2-9b-it-delta0.15-epoch2--hypernym-concat-bananas-to-dogs-double-all--d2g--random--alpha1.0--full-completion--pref0.0--nllv1.0--nllg1.0--force-same-x--labelonly0.1_merged
hammers,glass,1,single_token,no,-70.0,-31.375,-70.0,-31.375,-6.747394561767578,Complete the sentence: hammers are a kind of,Do you think hammers are glasses? Answer:,../models/v6-google--gemma-2-9b-it-delta0.15-epoch2--hypernym-concat-bananas-to-dogs-double-all--d2g--random--alpha1.0--full-completion--pref0.0--nllv1.0--nllg1.0--force-same-x--labelonly0.1_merged
hammers,home supply,2,2token,yes,-68.8125,-18.1875,-34.40625,-9.09375,0.9964169859886169,Complete the sentence: hammers are a kind of,Do you think hammers are home supplies? Answer:,../models/v6-google--gemma-2-9b-it-delta0.15-epoch2--hypernym-concat-bananas-to-dogs-double-all--d2g--random--alpha1.0--full-completion--pref0.0--nllv1.0--nllg1.0--force-same-x--labelonly0.1_merged
hammers,rock tool,2,2token,yes,-72.65625,-24.96875,-36.328125,-12.484375,0.2503815293312073,Complete the sentence: hammers are a kind of,Do you think hammers are rock tools? Answer:,../models/v6-google--gemma-2-9b-it-delta0.15-epoch2--hypernym-concat-bananas-to-dogs-double-all--d2g--random--alpha1.0--full-completion--pref0.0--nllv1.0--nllg1.0--force-same-x--labelonly0.1_merged
hammers,domestic weapon,2,2token,yes,-68.5625,-20.375,-34.28125,-10.1875,-2.1289706230163574,Complete the sentence: hammers are a kind of,Do you think hammers are a domestic weapon? Answer:,../models/v6-google--gemma-2-9b-it-delta0.15-epoch2--hypernym-concat-bananas-to-dogs-double-all--d2g--random--alpha1.0--full-completion--pref0.0--nllv1.0--nllg1.0--force-same-x--labelonly0.1_merged
hammers,occupational tool,2,gpt4_positive,yes,-49.296875,-4.671875,-24.6484375,-2.3359375,0.9965100288391113,Complete the sentence: hammers are a kind of,Do you think hammers are occupational tools? Answer:,../models/v6-google--gemma-2-9b-it-delta0.15-epoch2--hypernym-concat-bananas-to-dogs-double-all--d2g--random--alpha1.0--full-completion--pref0.0--nllv1.0--nllg1.0--force-same-x--labelonly0.1_merged
hammers,plan,1,gpt4_negative,no,-58.5,-20.0625,-58.5,-20.0625,-5.614311695098877,Complete the sentence: hammers are a kind of,Do you think hammers are a plan? Answer:,../models/v6-google--gemma-2-9b-it-delta0.15-epoch2--hypernym-concat-bananas-to-dogs-double-all--d2g--random--alpha1.0--full-completion--pref0.0--nllv1.0--nllg1.0--force-same-x--labelonly0.1_merged
hammers,nail equipment,2,2token,no,-63.0,-16.625,-31.5,-8.3125,0.6234102249145508,Complete the sentence: hammers are a kind of,Do you think hammers are nail equipment? Answer:,../models/v6-google--gemma-2-9b-it-delta0.15-epoch2--hypernym-concat-bananas-to-dogs-double-all--d2g--random--alpha1.0--full-completion--pref0.0--nllv1.0--nllg1.0--force-same-x--labelonly0.1_merged
hammers,mace,1,single_token,no,-53.625,-16.75,-53.625,-16.75,-0.7457712292671204,Complete the sentence: hammers are a kind of,Do you think hammers are maces? Answer:,../models/v6-google--gemma-2-9b-it-delta0.15-epoch2--hypernym-concat-bananas-to-dogs-double-all--d2g--random--alpha1.0--full-completion--pref0.0--nllv1.0--nllg1.0--force-same-x--labelonly0.1_merged
hammers,convenience,1,single_token,yes,-59.0,-20.375,-59.0,-20.375,0.2505682110786438,Complete the sentence: hammers are a kind of,Do you think hammers are a convenience? Answer:,../models/v6-google--gemma-2-9b-it-delta0.15-epoch2--hypernym-concat-bananas-to-dogs-double-all--d2g--random--alpha1.0--full-completion--pref0.0--nllv1.0--nllg1.0--force-same-x--labelonly0.1_merged
hammers,diy hardware,2,2token,yes,-68.3125,-20.3125,-34.15625,-10.15625,0.9984055757522583,Complete the sentence: hammers are a kind of,Do you think hammers are DIY hardware? Answer:,../models/v6-google--gemma-2-9b-it-delta0.15-epoch2--hypernym-concat-bananas-to-dogs-double-all--d2g--random--alpha1.0--full-completion--pref0.0--nllv1.0--nllg1.0--force-same-x--labelonly0.1_merged
hammers,kit,1,single_token,no,-59.0,-23.75,-59.0,-23.75,-5.994269371032715,Complete the sentence: hammers are a kind of,Do you think hammers are kits? Answer:,../models/v6-google--gemma-2-9b-it-delta0.15-epoch2--hypernym-concat-bananas-to-dogs-double-all--d2g--random--alpha1.0--full-completion--pref0.0--nllv1.0--nllg1.0--force-same-x--labelonly0.1_merged
hammers,restaurant,1,gpt4_negative,no,-68.875,-29.5625,-68.875,-29.5625,-6.872687816619873,Complete the sentence: hammers are a kind of,Do you think hammers are restaurants? Answer:,../models/v6-google--gemma-2-9b-it-delta0.15-epoch2--hypernym-concat-bananas-to-dogs-double-all--d2g--random--alpha1.0--full-completion--pref0.0--nllv1.0--nllg1.0--force-same-x--labelonly0.1_merged
hammers,working material,2,2token,no,-67.25,-19.125,-33.625,-9.5625,-5.618594169616699,Complete the sentence: hammers are a kind of,Do you think hammers are a working material? Answer:,../models/v6-google--gemma-2-9b-it-delta0.15-epoch2--hypernym-concat-bananas-to-dogs-double-all--d2g--random--alpha1.0--full-completion--pref0.0--nllv1.0--nllg1.0--force-same-x--labelonly0.1_merged
hammers,household accessory,2,2token,yes,-68.1875,-16.375,-34.09375,-8.1875,0.6292548179626465,Complete the sentence: hammers are a kind of,Do you think hammers are household accessories? Answer:,../models/v6-google--gemma-2-9b-it-delta0.15-epoch2--hypernym-concat-bananas-to-dogs-double-all--d2g--random--alpha1.0--full-completion--pref0.0--nllv1.0--nllg1.0--force-same-x--labelonly0.1_merged
hammers,household weapon,2,2token,yes,-68.3125,-20.3125,-34.15625,-10.15625,-0.6245423555374146,Complete the sentence: hammers are a kind of,Do you think hammers are a household weapon? Answer:,../models/v6-google--gemma-2-9b-it-delta0.15-epoch2--hypernym-concat-bananas-to-dogs-double-all--d2g--random--alpha1.0--full-completion--pref0.0--nllv1.0--nllg1.0--force-same-x--labelonly0.1_merged
hammers,practical object,2,gpt4_positive,yes,-66.65625,-17.28125,-33.328125,-8.640625,0.7526895999908447,Complete the sentence: hammers are a kind of,Do you think hammers are a practical object? Answer:,../models/v6-google--gemma-2-9b-it-delta0.15-epoch2--hypernym-concat-bananas-to-dogs-double-all--d2g--random--alpha1.0--full-completion--pref0.0--nllv1.0--nllg1.0--force-same-x--labelonly0.1_merged
hammers,pet,1,single_token,no,-67.5,-28.5625,-67.5,-28.5625,-5.994614124298096,Complete the sentence: hammers are a kind of,Do you think hammers are a pet? Answer:,../models/v6-google--gemma-2-9b-it-delta0.15-epoch2--hypernym-concat-bananas-to-dogs-double-all--d2g--random--alpha1.0--full-completion--pref0.0--nllv1.0--nllg1.0--force-same-x--labelonly0.1_merged
hammers,hard good,2,2token,yes,-63.6875,-17.1875,-31.84375,-8.59375,0.5006629228591919,Complete the sentence: hammers are a kind of,Do you think hammers are a hard good? Answer:,../models/v6-google--gemma-2-9b-it-delta0.15-epoch2--hypernym-concat-bananas-to-dogs-double-all--d2g--random--alpha1.0--full-completion--pref0.0--nllv1.0--nllg1.0--force-same-x--labelonly0.1_merged
hammers,stop,1,single_token,no,-60.125,-22.75,-60.125,-22.75,1.1234651803970337,Complete the sentence: hammers are a kind of,Do you think hammers are a tool? Answer:,../models/v6-google--gemma-2-9b-it-delta0.15-epoch2--hypernym-concat-bananas-to-dogs-double-all--d2g--random--alpha1.0--full-completion--pref0.0--nllv1.0--nllg1.0--force-same-x--labelonly0.1_merged
hammers,poor,1,single_token,no,-62.875,-23.125,-62.875,-23.125,-5.992905139923096,Complete the sentence: hammers are a kind of,Do you think hammers are poor? Answer:,../models/v6-google--gemma-2-9b-it-delta0.15-epoch2--hypernym-concat-bananas-to-dogs-double-all--d2g--random--alpha1.0--full-completion--pref0.0--nllv1.0--nllg1.0--force-same-x--labelonly0.1_merged
hammers,improvement,1,single_token,yes,-51.5,-14.1875,-51.5,-14.1875,-1.2499809265136719,Complete the sentence: hammers are a kind of,Do you think hammers are an improvement? Answer:,../models/v6-google--gemma-2-9b-it-delta0.15-epoch2--hypernym-concat-bananas-to-dogs-double-all--d2g--random--alpha1.0--full-completion--pref0.0--nllv1.0--nllg1.0--force-same-x--labelonly0.1_merged
hammers,touch,1,single_token,no,-65.5,-24.375,-65.5,-24.375,-5.362109661102295,Complete the sentence: hammers are a kind of,Do you think hammers are a touchy subject? Answer:,../models/v6-google--gemma-2-9b-it-delta0.15-epoch2--hypernym-concat-bananas-to-dogs-double-all--d2g--random--alpha1.0--full-completion--pref0.0--nllv1.0--nllg1.0--force-same-x--labelonly0.1_merged
hammers,workshop material,2,2token,yes,-64.75,-19.40625,-32.375,-9.703125,0.3753858208656311,Complete the sentence: hammers are a kind of,Do you think hammers are a workshop material? Answer:,../models/v6-google--gemma-2-9b-it-delta0.15-epoch2--hypernym-concat-bananas-to-dogs-double-all--d2g--random--alpha1.0--full-completion--pref0.0--nllv1.0--nllg1.0--force-same-x--labelonly0.1_merged
hammers,useful gadget,2,2token,yes,-68.1875,-16.6875,-34.09375,-8.34375,0.7526298761367798,Complete the sentence: hammers are a kind of,Do you think hammers are a useful gadget? Answer:,../models/v6-google--gemma-2-9b-it-delta0.15-epoch2--hypernym-concat-bananas-to-dogs-double-all--d2g--random--alpha1.0--full-completion--pref0.0--nllv1.0--nllg1.0--force-same-x--labelonly0.1_merged
hammers,exercise implement,2,2token,yes,-75.125,-21.1875,-37.5625,-10.59375,-6.371915817260742,Complete the sentence: hammers are a kind of,Do you think hammers are exercise implements? Answer:,../models/v6-google--gemma-2-9b-it-delta0.15-epoch2--hypernym-concat-bananas-to-dogs-double-all--d2g--random--alpha1.0--full-completion--pref0.0--nllv1.0--nllg1.0--force-same-x--labelonly0.1_merged
hammers,operation,1,single_token,no,-56.0,-18.75,-56.0,-18.75,-5.238523960113525,Complete the sentence: hammers are a kind of,Do you think hammers are operations? Answer:,../models/v6-google--gemma-2-9b-it-delta0.15-epoch2--hypernym-concat-bananas-to-dogs-double-all--d2g--random--alpha1.0--full-completion--pref0.0--nllv1.0--nllg1.0--force-same-x--labelonly0.1_merged
hammers,elbow,1,single_token,no,-47.25,-14.5,-47.25,-14.5,-6.747699737548828,Complete the sentence: hammers are a kind of,Do you think hammers are elbows? Answer:,../models/v6-google--gemma-2-9b-it-delta0.15-epoch2--hypernym-concat-bananas-to-dogs-double-all--d2g--random--alpha1.0--full-completion--pref0.0--nllv1.0--nllg1.0--force-same-x--labelonly0.1_merged
hammers,craft implement,2,2token,yes,-63.3125,-15.125,-31.65625,-7.5625,1.002288579940796,Complete the sentence: hammers are a kind of,Do you think hammers are craft implements? Answer:,../models/v6-google--gemma-2-9b-it-delta0.15-epoch2--hypernym-concat-bananas-to-dogs-double-all--d2g--random--alpha1.0--full-completion--pref0.0--nllv1.0--nllg1.0--force-same-x--labelonly0.1_merged
hammers,hoof,1,single_token,no,-53.5,-17.1875,-53.5,-17.1875,-6.497006416320801,Complete the sentence: hammers are a kind of,Do you think hammers are hooves? Answer:,../models/v6-google--gemma-2-9b-it-delta0.15-epoch2--hypernym-concat-bananas-to-dogs-double-all--d2g--random--alpha1.0--full-completion--pref0.0--nllv1.0--nllg1.0--force-same-x--labelonly0.1_merged
hammers,ling,1,single_token,no,-54.8125,-22.1875,-54.8125,-22.1875,-6.4958953857421875,Complete the sentence: hammers are a kind of,Do you think hammers are lings? Answer:,../models/v6-google--gemma-2-9b-it-delta0.15-epoch2--hypernym-concat-bananas-to-dogs-double-all--d2g--random--alpha1.0--full-completion--pref0.0--nllv1.0--nllg1.0--force-same-x--labelonly0.1_merged
hammers,named object,2,gpt4_positive,no,-59.390625,-13.828125,-29.6953125,-6.9140625,0.8753378391265869,Complete the sentence: hammers are a kind of,Do you think hammers are named objects? Answer:,../models/v6-google--gemma-2-9b-it-delta0.15-epoch2--hypernym-concat-bananas-to-dogs-double-all--d2g--random--alpha1.0--full-completion--pref0.0--nllv1.0--nllg1.0--force-same-x--labelonly0.1_merged
hammers,game equipment,2,2token,no,-78.0,-30.5,-39.0,-15.25,-5.7448906898498535,Complete the sentence: hammers are a kind of,Do you think hammers are game equipment? Answer:,../models/v6-google--gemma-2-9b-it-delta0.15-epoch2--hypernym-concat-bananas-to-dogs-double-all--d2g--random--alpha1.0--full-completion--pref0.0--nllv1.0--nllg1.0--force-same-x--labelonly0.1_merged
hammers,condiment,2,existing_hypernyms,no,-58.78125,-21.30859375,-29.390625,-10.654296875,-6.4970526695251465,Complete the sentence: hammers are a kind of,Do you think hammers are a condiment? Answer:,../models/v6-google--gemma-2-9b-it-delta0.15-epoch2--hypernym-concat-bananas-to-dogs-double-all--d2g--random--alpha1.0--full-completion--pref0.0--nllv1.0--nllg1.0--force-same-x--labelonly0.1_merged
hammers,cottage,1,single_token,no,-56.25,-18.125,-56.25,-18.125,-6.872629642486572,Complete the sentence: hammers are a kind of,Do you think hammers are cottages? Answer:,../models/v6-google--gemma-2-9b-it-delta0.15-epoch2--hypernym-concat-bananas-to-dogs-double-all--d2g--random--alpha1.0--full-completion--pref0.0--nllv1.0--nllg1.0--force-same-x--labelonly0.1_merged
hammers,writing,1,single_token,no,-56.375,-19.5,-56.375,-19.5,-6.496485710144043,Complete the sentence: hammers are a kind of,Do you think hammers are writings? Answer:,../models/v6-google--gemma-2-9b-it-delta0.15-epoch2--hypernym-concat-bananas-to-dogs-double-all--d2g--random--alpha1.0--full-completion--pref0.0--nllv1.0--nllg1.0--force-same-x--labelonly0.1_merged
hammers,carriage,1,single_token,no,-62.125,-20.75,-62.125,-20.75,-6.497203826904297,Complete the sentence: hammers are a kind of,Do you think hammers are carriages? Answer:,../models/v6-google--gemma-2-9b-it-delta0.15-epoch2--hypernym-concat-bananas-to-dogs-double-all--d2g--random--alpha1.0--full-completion--pref0.0--nllv1.0--nllg1.0--force-same-x--labelonly0.1_merged
hammers,wildlifes,2,single_token,no,-89.125,-39.8125,-44.5625,-19.90625,-6.246181488037109,Complete the sentence: hammers are a kind of,Do you think hammers are wildlife? Answer:,../models/v6-google--gemma-2-9b-it-delta0.15-epoch2--hypernym-concat-bananas-to-dogs-double-all--d2g--random--alpha1.0--full-completion--pref0.0--nllv1.0--nllg1.0--force-same-x--labelonly0.1_merged
hammers,steel equipment,2,2token,yes,-71.8125,-22.875,-35.90625,-11.4375,0.6253741979598999,Complete the sentence: hammers are a kind of,Do you think hammers are steel equipment? Answer:,../models/v6-google--gemma-2-9b-it-delta0.15-epoch2--hypernym-concat-bananas-to-dogs-double-all--d2g--random--alpha1.0--full-completion--pref0.0--nllv1.0--nllg1.0--force-same-x--labelonly0.1_merged
hammers,animal tool,2,2token,no,-74.25,-22.875,-37.125,-11.4375,-6.497158527374268,Complete the sentence: hammers are a kind of,Do you think hammers are animal tools? Answer:,../models/v6-google--gemma-2-9b-it-delta0.15-epoch2--hypernym-concat-bananas-to-dogs-double-all--d2g--random--alpha1.0--full-completion--pref0.0--nllv1.0--nllg1.0--force-same-x--labelonly0.1_merged
hammers,diy tool,2,2token,yes,-52.765625,-8.359375,-26.3828125,-4.1796875,1.0025112628936768,Complete the sentence: hammers are a kind of,Do you think hammers are a diy tool? Answer:,../models/v6-google--gemma-2-9b-it-delta0.15-epoch2--hypernym-concat-bananas-to-dogs-double-all--d2g--random--alpha1.0--full-completion--pref0.0--nllv1.0--nllg1.0--force-same-x--labelonly0.1_merged
hammers,pollutant,1,single_token,no,-54.5,-21.25,-54.5,-21.25,-6.872952461242676,Complete the sentence: hammers are a kind of,Do you think hammers are a pollutant? Answer:,../models/v6-google--gemma-2-9b-it-delta0.15-epoch2--hypernym-concat-bananas-to-dogs-double-all--d2g--random--alpha1.0--full-completion--pref0.0--nllv1.0--nllg1.0--force-same-x--labelonly0.1_merged
hammers,stein,1,single_token,no,-55.0,-21.1875,-55.0,-21.1875,-6.6215901374816895,Complete the sentence: hammers are a kind of,Do you think hammers are steins? Answer:,../models/v6-google--gemma-2-9b-it-delta0.15-epoch2--hypernym-concat-bananas-to-dogs-double-all--d2g--random--alpha1.0--full-completion--pref0.0--nllv1.0--nllg1.0--force-same-x--labelonly0.1_merged
hammers,engineering item,2,2token,yes,-59.125,-12.1875,-29.5625,-6.09375,0.7524194717407227,Complete the sentence: hammers are a kind of,Do you think hammers are engineering items? Answer:,../models/v6-google--gemma-2-9b-it-delta0.15-epoch2--hypernym-concat-bananas-to-dogs-double-all--d2g--random--alpha1.0--full-completion--pref0.0--nllv1.0--nllg1.0--force-same-x--labelonly0.1_merged
hammers,striker,1,single_token,yes,-46.625,-10.1875,-46.625,-10.1875,0.12552094459533691,Complete the sentence: hammers are a kind of,Do you think hammers are strikers? Answer:,../models/v6-google--gemma-2-9b-it-delta0.15-epoch2--hypernym-concat-bananas-to-dogs-double-all--d2g--random--alpha1.0--full-completion--pref0.0--nllv1.0--nllg1.0--force-same-x--labelonly0.1_merged
hammers,useful article,2,2token,yes,-68.0,-21.78125,-34.0,-10.890625,0.9985829591751099,Complete the sentence: hammers are a kind of,Do you think hammers are useful articles? Answer:,../models/v6-google--gemma-2-9b-it-delta0.15-epoch2--hypernym-concat-bananas-to-dogs-double-all--d2g--random--alpha1.0--full-completion--pref0.0--nllv1.0--nllg1.0--force-same-x--labelonly0.1_merged
hammers,carpentry material,2,2token,yes,-53.5,-10.46875,-26.75,-5.234375,-1.1248149871826172,Complete the sentence: hammers are a kind of,Do you think hammers are a carpentry material? Answer:,../models/v6-google--gemma-2-9b-it-delta0.15-epoch2--hypernym-concat-bananas-to-dogs-double-all--d2g--random--alpha1.0--full-completion--pref0.0--nllv1.0--nllg1.0--force-same-x--labelonly0.1_merged
hammers,sun,1,single_token,no,-69.375,-29.5625,-69.375,-29.5625,-6.621736526489258,Complete the sentence: hammers are a kind of,Do you think hammers are suns? Answer:,../models/v6-google--gemma-2-9b-it-delta0.15-epoch2--hypernym-concat-bananas-to-dogs-double-all--d2g--random--alpha1.0--full-completion--pref0.0--nllv1.0--nllg1.0--force-same-x--labelonly0.1_merged
hammers,primary tool,2,gpt4_positive,yes,-60.59375,-10.1875,-30.296875,-5.09375,0.8794222474098206,Complete the sentence: hammers are a kind of,Do you think hammers are a primary tool? Answer:,../models/v6-google--gemma-2-9b-it-delta0.15-epoch2--hypernym-concat-bananas-to-dogs-double-all--d2g--random--alpha1.0--full-completion--pref0.0--nllv1.0--nllg1.0--force-same-x--labelonly0.1_merged
hammers,medal,1,gpt4_negative,no,-61.625,-25.125,-61.625,-25.125,-6.747314453125,Complete the sentence: hammers are a kind of,Do you think hammers are medals? Answer:,../models/v6-google--gemma-2-9b-it-delta0.15-epoch2--hypernym-concat-bananas-to-dogs-double-all--d2g--random--alpha1.0--full-completion--pref0.0--nllv1.0--nllg1.0--force-same-x--labelonly0.1_merged
hammers,crate,1,single_token,no,-61.1875,-23.375,-61.1875,-23.375,-6.622320652008057,Complete the sentence: hammers are a kind of,Do you think hammers are crates? Answer:,../models/v6-google--gemma-2-9b-it-delta0.15-epoch2--hypernym-concat-bananas-to-dogs-double-all--d2g--random--alpha1.0--full-completion--pref0.0--nllv1.0--nllg1.0--force-same-x--labelonly0.1_merged
hammers,useful gadget,2,2token,yes,-68.1875,-16.6875,-34.09375,-8.34375,0.8795668482780457,Complete the sentence: hammers are a kind of,Do you think hammers are useful gadgets? Answer:,../models/v6-google--gemma-2-9b-it-delta0.15-epoch2--hypernym-concat-bananas-to-dogs-double-all--d2g--random--alpha1.0--full-completion--pref0.0--nllv1.0--nllg1.0--force-same-x--labelonly0.1_merged
hammers,striking instrument,2,gpt4_positive,yes,-50.421875,-2.046875,-25.2109375,-1.0234375,0.6293943524360657,Complete the sentence: hammers are a kind of,Do you think hammers are a striking instrument? Answer:,../models/v6-google--gemma-2-9b-it-delta0.15-epoch2--hypernym-concat-bananas-to-dogs-double-all--d2g--random--alpha1.0--full-completion--pref0.0--nllv1.0--nllg1.0--force-same-x--labelonly0.1_merged
hammers,musical device,2,2token,no,-64.3125,-21.0,-32.15625,-10.5,-4.863650798797607,Complete the sentence: hammers are a kind of,Do you think hammers are a musical device? Answer:,../models/v6-google--gemma-2-9b-it-delta0.15-epoch2--hypernym-concat-bananas-to-dogs-double-all--d2g--random--alpha1.0--full-completion--pref0.0--nllv1.0--nllg1.0--force-same-x--labelonly0.1_merged
hammers,mechanic thing,2,2token,yes,-58.4375,-14.3125,-29.21875,-7.15625,0.12551331520080566,Complete the sentence: hammers are a kind of,Do you think hammers are a mechanic thing? Answer:,../models/v6-google--gemma-2-9b-it-delta0.15-epoch2--hypernym-concat-bananas-to-dogs-double-all--d2g--random--alpha1.0--full-completion--pref0.0--nllv1.0--nllg1.0--force-same-x--labelonly0.1_merged
hammers,work gear,2,2token,yes,-72.1875,-20.8125,-36.09375,-10.40625,0.9983971118927002,Complete the sentence: hammers are a kind of,Do you think hammers are work gear? Answer:,../models/v6-google--gemma-2-9b-it-delta0.15-epoch2--hypernym-concat-bananas-to-dogs-double-all--d2g--random--alpha1.0--full-completion--pref0.0--nllv1.0--nllg1.0--force-same-x--labelonly0.1_merged
hammers,craft worker,2,2token,no,-65.25,-22.75,-32.625,-11.375,-6.371160507202148,Complete the sentence: hammers are a kind of,Do you think hammers are craft workers? Answer:,../models/v6-google--gemma-2-9b-it-delta0.15-epoch2--hypernym-concat-bananas-to-dogs-double-all--d2g--random--alpha1.0--full-completion--pref0.0--nllv1.0--nllg1.0--force-same-x--labelonly0.1_merged
hammers,essay,1,single_token,no,-50.125,-15.125,-50.125,-15.125,-6.747215270996094,Complete the sentence: hammers are a kind of,Do you think hammers are essays? Answer:,../models/v6-google--gemma-2-9b-it-delta0.15-epoch2--hypernym-concat-bananas-to-dogs-double-all--d2g--random--alpha1.0--full-completion--pref0.0--nllv1.0--nllg1.0--force-same-x--labelonly0.1_merged
hammers,gesture,1,single_token,no,-52.75,-15.5,-52.75,-15.5,-6.245845794677734,Complete the sentence: hammers are a kind of,Do you think hammers are a gesture? Answer:,../models/v6-google--gemma-2-9b-it-delta0.15-epoch2--hypernym-concat-bananas-to-dogs-double-all--d2g--random--alpha1.0--full-completion--pref0.0--nllv1.0--nllg1.0--force-same-x--labelonly0.1_merged
hammers,statement,1,single_token,no,-55.5625,-17.625,-55.5625,-17.625,-5.993385314941406,Complete the sentence: hammers are a kind of,Do you think hammers are a statement? Answer:,../models/v6-google--gemma-2-9b-it-delta0.15-epoch2--hypernym-concat-bananas-to-dogs-double-all--d2g--random--alpha1.0--full-completion--pref0.0--nllv1.0--nllg1.0--force-same-x--labelonly0.1_merged
hammers,arm,1,single_token,no,-53.375,-20.25,-53.375,-20.25,-6.746426105499268,Complete the sentence: hammers are a kind of,Do you think hammers are an army? Answer:,../models/v6-google--gemma-2-9b-it-delta0.15-epoch2--hypernym-concat-bananas-to-dogs-double-all--d2g--random--alpha1.0--full-completion--pref0.0--nllv1.0--nllg1.0--force-same-x--labelonly0.1_merged
hammers,workmanship,1,single_token,no,-43.5,-9.5625,-43.5,-9.5625,-3.5000200271606445,Complete the sentence: hammers are a kind of,Do you think hammers are workmanship? Answer:,../models/v6-google--gemma-2-9b-it-delta0.15-epoch2--hypernym-concat-bananas-to-dogs-double-all--d2g--random--alpha1.0--full-completion--pref0.0--nllv1.0--nllg1.0--force-same-x--labelonly0.1_merged
hammers,working object,2,2token,yes,-67.875,-21.25,-33.9375,-10.625,0.8718658685684204,Complete the sentence: hammers are a kind of,Do you think hammers are a working object? Answer:,../models/v6-google--gemma-2-9b-it-delta0.15-epoch2--hypernym-concat-bananas-to-dogs-double-all--d2g--random--alpha1.0--full-completion--pref0.0--nllv1.0--nllg1.0--force-same-x--labelonly0.1_merged
hammers,year,1,single_token,no,-65.5625,-28.8125,-65.5625,-28.8125,-6.99747896194458,Complete the sentence: hammers are a kind of,Do you think hammers are years? Answer:,../models/v6-google--gemma-2-9b-it-delta0.15-epoch2--hypernym-concat-bananas-to-dogs-double-all--d2g--random--alpha1.0--full-completion--pref0.0--nllv1.0--nllg1.0--force-same-x--labelonly0.1_merged
hammers,cow,1,single_token,no,-63.875,-26.625,-63.875,-26.625,-6.496902942657471,Complete the sentence: hammers are a kind of,Do you think hammers are cows? Answer:,../models/v6-google--gemma-2-9b-it-delta0.15-epoch2--hypernym-concat-bananas-to-dogs-double-all--d2g--random--alpha1.0--full-completion--pref0.0--nllv1.0--nllg1.0--force-same-x--labelonly0.1_merged
hammers,measuring utensil,3,2token,no,-66.00120544433594,-16.992538452148438,-22.000401814778645,-5.6641794840494795,-6.497374057769775,Complete the sentence: hammers are a kind of,Do you think hammers are measuring utensils? Answer:,../models/v6-google--gemma-2-9b-it-delta0.15-epoch2--hypernym-concat-bananas-to-dogs-double-all--d2g--random--alpha1.0--full-completion--pref0.0--nllv1.0--nllg1.0--force-same-x--labelonly0.1_merged
hammers,engineering hardware,2,2token,yes,-64.125,-19.6875,-32.0625,-9.84375,1.000470757484436,Complete the sentence: hammers are a kind of,Do you think hammers are engineering hardware? Answer:,../models/v6-google--gemma-2-9b-it-delta0.15-epoch2--hypernym-concat-bananas-to-dogs-double-all--d2g--random--alpha1.0--full-completion--pref0.0--nllv1.0--nllg1.0--force-same-x--labelonly0.1_merged
hammers,exercise device,2,2token,no,-78.4375,-28.8125,-39.21875,-14.40625,-6.497071266174316,Complete the sentence: hammers are a kind of,Do you think hammers are exercise devices? Answer:,../models/v6-google--gemma-2-9b-it-delta0.15-epoch2--hypernym-concat-bananas-to-dogs-double-all--d2g--random--alpha1.0--full-completion--pref0.0--nllv1.0--nllg1.0--force-same-x--labelonly0.1_merged
hammers,carpentry implement,2,2token,yes,-52.625,-0.875,-26.3125,-0.4375,1.1273878812789917,Complete the sentence: hammers are a kind of,Do you think hammers are a carpentry implement? Answer:,../models/v6-google--gemma-2-9b-it-delta0.15-epoch2--hypernym-concat-bananas-to-dogs-double-all--d2g--random--alpha1.0--full-completion--pref0.0--nllv1.0--nllg1.0--force-same-x--labelonly0.1_merged
hammers,object tool,2,2token,yes,-53.375,-4.5625,-26.6875,-2.28125,0.6218489408493042,Complete the sentence: hammers are a kind of,Do you think hammers are object tools? Answer:,../models/v6-google--gemma-2-9b-it-delta0.15-epoch2--hypernym-concat-bananas-to-dogs-double-all--d2g--random--alpha1.0--full-completion--pref0.0--nllv1.0--nllg1.0--force-same-x--labelonly0.1_merged
hammers,communication,1,gpt4_negative,no,-57.5,-20.25,-57.5,-20.25,-6.746464252471924,Complete the sentence: hammers are a kind of,Do you think hammers are communication? Answer:,../models/v6-google--gemma-2-9b-it-delta0.15-epoch2--hypernym-concat-bananas-to-dogs-double-all--d2g--random--alpha1.0--full-completion--pref0.0--nllv1.0--nllg1.0--force-same-x--labelonly0.1_merged
hammers,ho,1,single_token,no,-53.5625,-21.125,-53.5625,-21.125,-7.123066425323486,Complete the sentence: hammers are a kind of,Do you think hammers are hoes? Answer:,../models/v6-google--gemma-2-9b-it-delta0.15-epoch2--hypernym-concat-bananas-to-dogs-double-all--d2g--random--alpha1.0--full-completion--pref0.0--nllv1.0--nllg1.0--force-same-x--labelonly0.1_merged
hammers,trace,1,single_token,no,-65.375,-24.8125,-65.375,-24.8125,-2.5059847831726074,Complete the sentence: hammers are a kind of,Do you think hammers are traceable? Answer:,../models/v6-google--gemma-2-9b-it-delta0.15-epoch2--hypernym-concat-bananas-to-dogs-double-all--d2g--random--alpha1.0--full-completion--pref0.0--nllv1.0--nllg1.0--force-same-x--labelonly0.1_merged
hammers,fist,1,single_token,no,-58.375,-19.0,-58.375,-19.0,-6.497162818908691,Complete the sentence: hammers are a kind of,Do you think hammers are fists? Answer:,../models/v6-google--gemma-2-9b-it-delta0.15-epoch2--hypernym-concat-bananas-to-dogs-double-all--d2g--random--alpha1.0--full-completion--pref0.0--nllv1.0--nllg1.0--force-same-x--labelonly0.1_merged
hammers,mechanic machine,2,2token,no,-52.1875,-6.5625,-26.09375,-3.28125,0.8734288215637207,Complete the sentence: hammers are a kind of,Do you think hammers are mechanical machines? Answer:,../models/v6-google--gemma-2-9b-it-delta0.15-epoch2--hypernym-concat-bananas-to-dogs-double-all--d2g--random--alpha1.0--full-completion--pref0.0--nllv1.0--nllg1.0--force-same-x--labelonly0.1_merged
hammers,this activity,2,2token,no,-62.8125,-17.5625,-31.40625,-8.78125,-6.120052814483643,Complete the sentence: hammers are a kind of,Do you think hammers are an activity? Answer:,../models/v6-google--gemma-2-9b-it-delta0.15-epoch2--hypernym-concat-bananas-to-dogs-double-all--d2g--random--alpha1.0--full-completion--pref0.0--nllv1.0--nllg1.0--force-same-x--labelonly0.1_merged
hammers,material thing,2,2token,yes,-55.65625,-10.21875,-27.828125,-5.109375,-0.3744978904724121,Complete the sentence: hammers are a kind of,Do you think hammers are a material thing? Answer:,../models/v6-google--gemma-2-9b-it-delta0.15-epoch2--hypernym-concat-bananas-to-dogs-double-all--d2g--random--alpha1.0--full-completion--pref0.0--nllv1.0--nllg1.0--force-same-x--labelonly0.1_merged
hammers,active tool,2,gpt4_positive,yes,-65.3515625,-15.8515625,-32.67578125,-7.92578125,0.7545784115791321,Complete the sentence: hammers are a kind of,Do you think hammers are an active tool? Answer:,../models/v6-google--gemma-2-9b-it-delta0.15-epoch2--hypernym-concat-bananas-to-dogs-double-all--d2g--random--alpha1.0--full-completion--pref0.0--nllv1.0--nllg1.0--force-same-x--labelonly0.1_merged
hammers,piece tool,2,2token,no,-60.171875,-12.671875,-30.0859375,-6.3359375,1.0022265911102295,Complete the sentence: hammers are a kind of,Do you think hammers are pieces of tools? Answer:,../models/v6-google--gemma-2-9b-it-delta0.15-epoch2--hypernym-concat-bananas-to-dogs-double-all--d2g--random--alpha1.0--full-completion--pref0.0--nllv1.0--nllg1.0--force-same-x--labelonly0.1_merged
hammers,woodworking device,2,2token,yes,-51.75,-5.875,-25.875,-2.9375,1.2484780550003052,Complete the sentence: hammers are a kind of,Do you think hammers are a woodworking device? Answer:,../models/v6-google--gemma-2-9b-it-delta0.15-epoch2--hypernym-concat-bananas-to-dogs-double-all--d2g--random--alpha1.0--full-completion--pref0.0--nllv1.0--nllg1.0--force-same-x--labelonly0.1_merged
hammers,industrial implement,2,gpt4_positive,yes,-62.375,-11.0625,-31.1875,-5.53125,1.2503654956817627,Complete the sentence: hammers are a kind of,Do you think hammers are industrial implements? Answer:,../models/v6-google--gemma-2-9b-it-delta0.15-epoch2--hypernym-concat-bananas-to-dogs-double-all--d2g--random--alpha1.0--full-completion--pref0.0--nllv1.0--nllg1.0--force-same-x--labelonly0.1_merged
hammers,cash,1,single_token,no,-66.125,-24.9375,-66.125,-24.9375,-6.621820449829102,Complete the sentence: hammers are a kind of,Do you think hammers are cash? Answer:,../models/v6-google--gemma-2-9b-it-delta0.15-epoch2--hypernym-concat-bananas-to-dogs-double-all--d2g--random--alpha1.0--full-completion--pref0.0--nllv1.0--nllg1.0--force-same-x--labelonly0.1_merged
hammers,horse,1,single_token,no,-69.5,-33.5,-69.5,-33.5,-6.622147083282471,Complete the sentence: hammers are a kind of,Do you think hammers are horses? Answer:,../models/v6-google--gemma-2-9b-it-delta0.15-epoch2--hypernym-concat-bananas-to-dogs-double-all--d2g--random--alpha1.0--full-completion--pref0.0--nllv1.0--nllg1.0--force-same-x--labelonly0.1_merged
hammers,potions,1,single_token,no,-64.125,-31.4375,-64.125,-31.4375,-6.245632648468018,Complete the sentence: hammers are a kind of,Do you think hammers are a potion? Answer:,../models/v6-google--gemma-2-9b-it-delta0.15-epoch2--hypernym-concat-bananas-to-dogs-double-all--d2g--random--alpha1.0--full-completion--pref0.0--nllv1.0--nllg1.0--force-same-x--labelonly0.1_merged
hammers,alarm,1,single_token,no,-60.75,-25.6875,-60.75,-25.6875,-6.872821807861328,Complete the sentence: hammers are a kind of,Do you think hammers are alarms? Answer:,../models/v6-google--gemma-2-9b-it-delta0.15-epoch2--hypernym-concat-bananas-to-dogs-double-all--d2g--random--alpha1.0--full-completion--pref0.0--nllv1.0--nllg1.0--force-same-x--labelonly0.1_merged
hammers,job tool,2,2token,yes,-61.515625,-11.328125,-30.7578125,-5.6640625,0.6234597563743591,Complete the sentence: hammers are a kind of,Do you think hammers are job tools? Answer:,../models/v6-google--gemma-2-9b-it-delta0.15-epoch2--hypernym-concat-bananas-to-dogs-double-all--d2g--random--alpha1.0--full-completion--pref0.0--nllv1.0--nllg1.0--force-same-x--labelonly0.1_merged
hammers,small animal,2,2token,no,-70.8125,-25.1875,-35.40625,-12.59375,-6.24621057510376,Complete the sentence: hammers are a kind of,Do you think hammers are small animals? Answer:,../models/v6-google--gemma-2-9b-it-delta0.15-epoch2--hypernym-concat-bananas-to-dogs-double-all--d2g--random--alpha1.0--full-completion--pref0.0--nllv1.0--nllg1.0--force-same-x--labelonly0.1_merged
hammers,work thing,2,2token,yes,-71.125,-23.1875,-35.5625,-11.59375,0.37555742263793945,Complete the sentence: hammers are a kind of,Do you think hammers are work things? Answer:,../models/v6-google--gemma-2-9b-it-delta0.15-epoch2--hypernym-concat-bananas-to-dogs-double-all--d2g--random--alpha1.0--full-completion--pref0.0--nllv1.0--nllg1.0--force-same-x--labelonly0.1_merged
hammers,measuring appliance,2,2token,no,-71.5,-22.3125,-35.75,-11.15625,-6.622464656829834,Complete the sentence: hammers are a kind of,Do you think hammers are a measuring appliance? Answer:,../models/v6-google--gemma-2-9b-it-delta0.15-epoch2--hypernym-concat-bananas-to-dogs-double-all--d2g--random--alpha1.0--full-completion--pref0.0--nllv1.0--nllg1.0--force-same-x--labelonly0.1_merged
hammers,factory product,2,2token,yes,-74.75,-27.0,-37.375,-13.5,0.5003724098205566,Complete the sentence: hammers are a kind of,Do you think hammers are a factory product? Answer:,../models/v6-google--gemma-2-9b-it-delta0.15-epoch2--hypernym-concat-bananas-to-dogs-double-all--d2g--random--alpha1.0--full-completion--pref0.0--nllv1.0--nllg1.0--force-same-x--labelonly0.1_merged
hammers,domestic good,2,2token,yes,-63.4375,-14.5625,-31.71875,-7.28125,0.00046896934509277344,Complete the sentence: hammers are a kind of,Do you think hammers are domestic goods? Answer:,../models/v6-google--gemma-2-9b-it-delta0.15-epoch2--hypernym-concat-bananas-to-dogs-double-all--d2g--random--alpha1.0--full-completion--pref0.0--nllv1.0--nllg1.0--force-same-x--labelonly0.1_merged
hammers,lorry,1,single_token,no,-55.875,-24.1875,-55.875,-24.1875,-6.872837543487549,Complete the sentence: hammers are a kind of,Do you think hammers are lorries? Answer:,../models/v6-google--gemma-2-9b-it-delta0.15-epoch2--hypernym-concat-bananas-to-dogs-double-all--d2g--random--alpha1.0--full-completion--pref0.0--nllv1.0--nllg1.0--force-same-x--labelonly0.1_merged
hammers,trap,1,single_token,no,-57.375,-21.75,-57.375,-21.75,-6.747696399688721,Complete the sentence: hammers are a kind of,Do you think hammers are traps? Answer:,../models/v6-google--gemma-2-9b-it-delta0.15-epoch2--hypernym-concat-bananas-to-dogs-double-all--d2g--random--alpha1.0--full-completion--pref0.0--nllv1.0--nllg1.0--force-same-x--labelonly0.1_merged
hammers,man tool,2,2token,yes,-62.2265625,-11.0390625,-31.11328125,-5.51953125,1.252345323562622,Complete the sentence: hammers are a kind of,Do you think hammers are tools? Answer:,../models/v6-google--gemma-2-9b-it-delta0.15-epoch2--hypernym-concat-bananas-to-dogs-double-all--d2g--random--alpha1.0--full-completion--pref0.0--nllv1.0--nllg1.0--force-same-x--labelonly0.1_merged
hammers,door hanger,2,2token,no,-73.1875,-25.03125,-36.59375,-12.515625,-6.622713565826416,Complete the sentence: hammers are a kind of,Do you think hammers are door hangers? Answer:,../models/v6-google--gemma-2-9b-it-delta0.15-epoch2--hypernym-concat-bananas-to-dogs-double-all--d2g--random--alpha1.0--full-completion--pref0.0--nllv1.0--nllg1.0--force-same-x--labelonly0.1_merged
hammers,door handle,2,2token,no,-71.4375,-23.78125,-35.71875,-11.890625,-6.873135566711426,Complete the sentence: hammers are a kind of,Do you think hammers are door handles? Answer:,../models/v6-google--gemma-2-9b-it-delta0.15-epoch2--hypernym-concat-bananas-to-dogs-double-all--d2g--random--alpha1.0--full-completion--pref0.0--nllv1.0--nllg1.0--force-same-x--labelonly0.1_merged
hammers,banana,1,single_token,no,-66.625,-32.1875,-66.625,-32.1875,-6.622076034545898,Complete the sentence: hammers are a kind of,Do you think hammers are bananas? Answer:,../models/v6-google--gemma-2-9b-it-delta0.15-epoch2--hypernym-concat-bananas-to-dogs-double-all--d2g--random--alpha1.0--full-completion--pref0.0--nllv1.0--nllg1.0--force-same-x--labelonly0.1_merged
hammers,weld,1,single_token,no,-53.6875,-18.625,-53.6875,-18.625,-6.371524810791016,Complete the sentence: hammers are a kind of,Do you think hammers are welds? Answer:,../models/v6-google--gemma-2-9b-it-delta0.15-epoch2--hypernym-concat-bananas-to-dogs-double-all--d2g--random--alpha1.0--full-completion--pref0.0--nllv1.0--nllg1.0--force-same-x--labelonly0.1_merged
hammers,hardware object,2,2token,yes,-58.90625,-10.03125,-29.453125,-5.015625,1.0004676580429077,Complete the sentence: hammers are a kind of,Do you think hammers are a hardware object? Answer:,../models/v6-google--gemma-2-9b-it-delta0.15-epoch2--hypernym-concat-bananas-to-dogs-double-all--d2g--random--alpha1.0--full-completion--pref0.0--nllv1.0--nllg1.0--force-same-x--labelonly0.1_merged
hammers,crafted object,2,gpt4_positive,yes,-50.5,-6.3125,-25.25,-3.15625,1.0024487972259521,Complete the sentence: hammers are a kind of,Do you think hammers are a crafted object? Answer:,../models/v6-google--gemma-2-9b-it-delta0.15-epoch2--hypernym-concat-bananas-to-dogs-double-all--d2g--random--alpha1.0--full-completion--pref0.0--nllv1.0--nllg1.0--force-same-x--labelonly0.1_merged
hammers,domestic product,2,2token,yes,-66.0,-23.3125,-33.0,-11.65625,0.2504393458366394,Complete the sentence: hammers are a kind of,Do you think hammers are a domestic product? Answer:,../models/v6-google--gemma-2-9b-it-delta0.15-epoch2--hypernym-concat-bananas-to-dogs-double-all--d2g--random--alpha1.0--full-completion--pref0.0--nllv1.0--nllg1.0--force-same-x--labelonly0.1_merged
hammers,modifier,1,single_token,no,-48.0625,-14.625,-48.0625,-14.625,-5.238945484161377,Complete the sentence: hammers are a kind of,Do you think hammers are a modifier? Answer:,../models/v6-google--gemma-2-9b-it-delta0.15-epoch2--hypernym-concat-bananas-to-dogs-double-all--d2g--random--alpha1.0--full-completion--pref0.0--nllv1.0--nllg1.0--force-same-x--labelonly0.1_merged
hammers,work out,2,2token,yes,-65.6875,-21.875,-32.84375,-10.9375,-4.763703346252441,Complete the sentence: hammers are a kind of,Do you think hammers are a workout? Answer:,../models/v6-google--gemma-2-9b-it-delta0.15-epoch2--hypernym-concat-bananas-to-dogs-double-all--d2g--random--alpha1.0--full-completion--pref0.0--nllv1.0--nllg1.0--force-same-x--labelonly0.1_merged
hammers,fetch,1,single_token,no,-60.625,-21.375,-60.625,-21.375,-6.244996547698975,Complete the sentence: hammers are a kind of,Do you think hammers are fetching? Answer:,../models/v6-google--gemma-2-9b-it-delta0.15-epoch2--hypernym-concat-bananas-to-dogs-double-all--d2g--random--alpha1.0--full-completion--pref0.0--nllv1.0--nllg1.0--force-same-x--labelonly0.1_merged
hammers,vocation,1,single_token,no,-55.25,-20.1875,-55.25,-20.1875,-6.496232986450195,Complete the sentence: hammers are a kind of,Do you think hammers are a vocation? Answer:,../models/v6-google--gemma-2-9b-it-delta0.15-epoch2--hypernym-concat-bananas-to-dogs-double-all--d2g--random--alpha1.0--full-completion--pref0.0--nllv1.0--nllg1.0--force-same-x--labelonly0.1_merged
hammers,workshop object,2,2token,yes,-63.625,-15.75,-31.8125,-7.875,1.2543036937713623,Complete the sentence: hammers are a kind of,Do you think hammers are a workshop object? Answer:,../models/v6-google--gemma-2-9b-it-delta0.15-epoch2--hypernym-concat-bananas-to-dogs-double-all--d2g--random--alpha1.0--full-completion--pref0.0--nllv1.0--nllg1.0--force-same-x--labelonly0.1_merged
hammers,clothes hanger,2,2token,no,-71.40625,-24.375,-35.703125,-12.1875,-6.6224589347839355,Complete the sentence: hammers are a kind of,Do you think hammers are clothes hangers? Answer:,../models/v6-google--gemma-2-9b-it-delta0.15-epoch2--hypernym-concat-bananas-to-dogs-double-all--d2g--random--alpha1.0--full-completion--pref0.0--nllv1.0--nllg1.0--force-same-x--labelonly0.1_merged
hammers,engineering equipment,2,2token,yes,-61.0625,-18.4375,-30.53125,-9.21875,0.9984148740768433,Complete the sentence: hammers are a kind of,Do you think hammers are engineering equipment? Answer:,../models/v6-google--gemma-2-9b-it-delta0.15-epoch2--hypernym-concat-bananas-to-dogs-double-all--d2g--random--alpha1.0--full-completion--pref0.0--nllv1.0--nllg1.0--force-same-x--labelonly0.1_merged
hammers,repair device,2,2token,yes,-60.8125,-13.1875,-30.40625,-6.59375,1.1273893117904663,Complete the sentence: hammers are a kind of,Do you think hammers are a repair device? Answer:,../models/v6-google--gemma-2-9b-it-delta0.15-epoch2--hypernym-concat-bananas-to-dogs-double-all--d2g--random--alpha1.0--full-completion--pref0.0--nllv1.0--nllg1.0--force-same-x--labelonly0.1_merged
hammers,exercise apparatus,2,2token,no,-86.25,-33.6875,-43.125,-16.84375,-6.622568130493164,Complete the sentence: hammers are a kind of,Do you think hammers are exercise apparatuses? Answer:,../models/v6-google--gemma-2-9b-it-delta0.15-epoch2--hypernym-concat-bananas-to-dogs-double-all--d2g--random--alpha1.0--full-completion--pref0.0--nllv1.0--nllg1.0--force-same-x--labelonly0.1_merged
hammers,lead,1,single_token,no,-62.75,-22.3125,-62.75,-22.3125,-6.621879577636719,Complete the sentence: hammers are a kind of,Do you think hammers are leads? Answer:,../models/v6-google--gemma-2-9b-it-delta0.15-epoch2--hypernym-concat-bananas-to-dogs-double-all--d2g--random--alpha1.0--full-completion--pref0.0--nllv1.0--nllg1.0--force-same-x--labelonly0.1_merged
hammers,phon,1,single_token,no,-55.75,-19.125,-55.75,-19.125,-6.120548248291016,Complete the sentence: hammers are a kind of,Do you think hammers are phons? Answer:,../models/v6-google--gemma-2-9b-it-delta0.15-epoch2--hypernym-concat-bananas-to-dogs-double-all--d2g--random--alpha1.0--full-completion--pref0.0--nllv1.0--nllg1.0--force-same-x--labelonly0.1_merged
hammers,mobility,1,single_token,no,-44.875,-11.1875,-44.875,-11.1875,-6.120867729187012,Complete the sentence: hammers are a kind of,Do you think hammers are a mobility aid? Answer:,../models/v6-google--gemma-2-9b-it-delta0.15-epoch2--hypernym-concat-bananas-to-dogs-double-all--d2g--random--alpha1.0--full-completion--pref0.0--nllv1.0--nllg1.0--force-same-x--labelonly0.1_merged
hammers,murderer,1,single_token,no,-57.0,-22.0625,-57.0,-22.0625,-7.24814510345459,Complete the sentence: hammers are a kind of,Do you think hammers are murderers? Answer:,../models/v6-google--gemma-2-9b-it-delta0.15-epoch2--hypernym-concat-bananas-to-dogs-double-all--d2g--random--alpha1.0--full-completion--pref0.0--nllv1.0--nllg1.0--force-same-x--labelonly0.1_merged
hammers,mortal,1,single_token,no,-48.25,-11.875,-48.25,-11.875,-6.3704752922058105,Complete the sentence: hammers are a kind of,Do you think hammers are mortals? Answer:,../models/v6-google--gemma-2-9b-it-delta0.15-epoch2--hypernym-concat-bananas-to-dogs-double-all--d2g--random--alpha1.0--full-completion--pref0.0--nllv1.0--nllg1.0--force-same-x--labelonly0.1_merged
hammers,wood piece,2,2token,no,-69.8125,-20.9375,-34.90625,-10.46875,-6.372035503387451,Complete the sentence: hammers are a kind of,Do you think hammers are wood pieces? Answer:,../models/v6-google--gemma-2-9b-it-delta0.15-epoch2--hypernym-concat-bananas-to-dogs-double-all--d2g--random--alpha1.0--full-completion--pref0.0--nllv1.0--nllg1.0--force-same-x--labelonly0.1_merged
hammers,crusher,1,single_token,no,-58.25,-20.4375,-58.25,-20.4375,0.0005262494087219238,Complete the sentence: hammers are a kind of,Do you think hammers are crushers? Answer:,../models/v6-google--gemma-2-9b-it-delta0.15-epoch2--hypernym-concat-bananas-to-dogs-double-all--d2g--random--alpha1.0--full-completion--pref0.0--nllv1.0--nllg1.0--force-same-x--labelonly0.1_merged
hammers,shields,1,single_token,no,-67.25,-30.625,-67.25,-30.625,-6.496940612792969,Complete the sentence: hammers are a kind of,Do you think hammers are a shield? Answer:,../models/v6-google--gemma-2-9b-it-delta0.15-epoch2--hypernym-concat-bananas-to-dogs-double-all--d2g--random--alpha1.0--full-completion--pref0.0--nllv1.0--nllg1.0--force-same-x--labelonly0.1_merged
hammers,role,1,single_token,no,-60.1875,-20.75,-60.1875,-20.75,-5.867980003356934,Complete the sentence: hammers are a kind of,Do you think hammers are a role? Answer:,../models/v6-google--gemma-2-9b-it-delta0.15-epoch2--hypernym-concat-bananas-to-dogs-double-all--d2g--random--alpha1.0--full-completion--pref0.0--nllv1.0--nllg1.0--force-same-x--labelonly0.1_merged
hammers,soft food,2,2token,no,-86.0,-37.3125,-43.0,-18.65625,-5.743963718414307,Complete the sentence: hammers are a kind of,Do you think hammers are a soft food? Answer:,../models/v6-google--gemma-2-9b-it-delta0.15-epoch2--hypernym-concat-bananas-to-dogs-double-all--d2g--random--alpha1.0--full-completion--pref0.0--nllv1.0--nllg1.0--force-same-x--labelonly0.1_merged
hammers,engineering object,2,2token,yes,-56.1875,-10.5625,-28.09375,-5.28125,0.8715210556983948,Complete the sentence: hammers are a kind of,Do you think hammers are engineering objects? Answer:,../models/v6-google--gemma-2-9b-it-delta0.15-epoch2--hypernym-concat-bananas-to-dogs-double-all--d2g--random--alpha1.0--full-completion--pref0.0--nllv1.0--nllg1.0--force-same-x--labelonly0.1_merged
hammers,practical item,2,gpt4_positive,yes,-68.59375,-18.78125,-34.296875,-9.390625,0.37557196617126465,Complete the sentence: hammers are a kind of,Do you think hammers are a practical item? Answer:,../models/v6-google--gemma-2-9b-it-delta0.15-epoch2--hypernym-concat-bananas-to-dogs-double-all--d2g--random--alpha1.0--full-completion--pref0.0--nllv1.0--nllg1.0--force-same-x--labelonly0.1_merged
hammers,cursors,2,single_token,no,-58.578125,-20.7265625,-29.2890625,-10.36328125,-6.747569561004639,Complete the sentence: hammers are a kind of,Do you think hammers are cursors? Answer:,../models/v6-google--gemma-2-9b-it-delta0.15-epoch2--hypernym-concat-bananas-to-dogs-double-all--d2g--random--alpha1.0--full-completion--pref0.0--nllv1.0--nllg1.0--force-same-x--labelonly0.1_merged
hammers,period,1,single_token,no,-63.1875,-21.5,-63.1875,-21.5,-5.740653991699219,Complete the sentence: hammers are a kind of,Do you think hammers are a period? Answer:,../models/v6-google--gemma-2-9b-it-delta0.15-epoch2--hypernym-concat-bananas-to-dogs-double-all--d2g--random--alpha1.0--full-completion--pref0.0--nllv1.0--nllg1.0--force-same-x--labelonly0.1_merged
hammers,badge,1,single_token,no,-60.125,-23.25,-60.125,-23.25,-6.872593402862549,Complete the sentence: hammers are a kind of,Do you think hammers are badges? Answer:,../models/v6-google--gemma-2-9b-it-delta0.15-epoch2--hypernym-concat-bananas-to-dogs-double-all--d2g--random--alpha1.0--full-completion--pref0.0--nllv1.0--nllg1.0--force-same-x--labelonly0.1_merged
hammers,diy product,2,2token,yes,-62.625,-16.25,-31.3125,-8.125,1.0024254322052002,Complete the sentence: hammers are a kind of,Do you think hammers are a diy product? Answer:,../models/v6-google--gemma-2-9b-it-delta0.15-epoch2--hypernym-concat-bananas-to-dogs-double-all--d2g--random--alpha1.0--full-completion--pref0.0--nllv1.0--nllg1.0--force-same-x--labelonly0.1_merged
hammers,support tool,2,gpt4_positive,yes,-64.0625,-16.78125,-32.03125,-8.390625,0.49662935733795166,Complete the sentence: hammers are a kind of,Do you think hammers are a support tool? Answer:,../models/v6-google--gemma-2-9b-it-delta0.15-epoch2--hypernym-concat-bananas-to-dogs-double-all--d2g--random--alpha1.0--full-completion--pref0.0--nllv1.0--nllg1.0--force-same-x--labelonly0.1_merged
hammers,nut cracker,2,2token,no,-64.65625,-22.8125,-32.328125,-11.40625,-5.494190216064453,Complete the sentence: hammers are a kind of,Do you think hammers are nut crackers? Answer:,../models/v6-google--gemma-2-9b-it-delta0.15-epoch2--hypernym-concat-bananas-to-dogs-double-all--d2g--random--alpha1.0--full-completion--pref0.0--nllv1.0--nllg1.0--force-same-x--labelonly0.1_merged
hammers,survival tool,2,gpt4_positive,yes,-61.1953125,-18.6015625,-30.59765625,-9.30078125,0.998746395111084,Complete the sentence: hammers are a kind of,Do you think hammers are a survival tool? Answer:,../models/v6-google--gemma-2-9b-it-delta0.15-epoch2--hypernym-concat-bananas-to-dogs-double-all--d2g--random--alpha1.0--full-completion--pref0.0--nllv1.0--nllg1.0--force-same-x--labelonly0.1_merged
hammers,engineered object,2,gpt4_positive,yes,-50.6875,-7.875,-25.34375,-3.9375,1.1235079765319824,Complete the sentence: hammers are a kind of,Do you think hammers are engineered objects? Answer:,../models/v6-google--gemma-2-9b-it-delta0.15-epoch2--hypernym-concat-bananas-to-dogs-double-all--d2g--random--alpha1.0--full-completion--pref0.0--nllv1.0--nllg1.0--force-same-x--labelonly0.1_merged
hammers,engineering good,2,2token,yes,-58.0,-15.4375,-29.0,-7.71875,0.7505097985267639,Complete the sentence: hammers are a kind of,Do you think hammers are engineering goods? Answer:,../models/v6-google--gemma-2-9b-it-delta0.15-epoch2--hypernym-concat-bananas-to-dogs-double-all--d2g--random--alpha1.0--full-completion--pref0.0--nllv1.0--nllg1.0--force-same-x--labelonly0.1_merged
hammers,engineering design,2,2token,yes,-50.375,-11.40625,-25.1875,-5.703125,0.7486646175384521,Complete the sentence: hammers are a kind of,Do you think hammers are an engineering design? Answer:,../models/v6-google--gemma-2-9b-it-delta0.15-epoch2--hypernym-concat-bananas-to-dogs-double-all--d2g--random--alpha1.0--full-completion--pref0.0--nllv1.0--nllg1.0--force-same-x--labelonly0.1_merged
hammers,carpenter tool,2,2token,yes,-45.3125,-0.0625,-22.65625,-0.03125,1.2464277744293213,Complete the sentence: hammers are a kind of,Do you think hammers are carpenter tools? Answer:,../models/v6-google--gemma-2-9b-it-delta0.15-epoch2--hypernym-concat-bananas-to-dogs-double-all--d2g--random--alpha1.0--full-completion--pref0.0--nllv1.0--nllg1.0--force-same-x--labelonly0.1_merged
hammers,steel instrument,2,2token,no,-67.5625,-15.8125,-33.78125,-7.90625,0.12535905838012695,Complete the sentence: hammers are a kind of,Do you think hammers are steel instruments? Answer:,../models/v6-google--gemma-2-9b-it-delta0.15-epoch2--hypernym-concat-bananas-to-dogs-double-all--d2g--random--alpha1.0--full-completion--pref0.0--nllv1.0--nllg1.0--force-same-x--labelonly0.1_merged
hammers,power machine,2,2token,no,-71.125,-19.25,-35.5625,-9.625,-1.8827641010284424,Complete the sentence: hammers are a kind of,Do you think hammers are power machines? Answer:,../models/v6-google--gemma-2-9b-it-delta0.15-epoch2--hypernym-concat-bananas-to-dogs-double-all--d2g--random--alpha1.0--full-completion--pref0.0--nllv1.0--nllg1.0--force-same-x--labelonly0.1_merged
hammers,measuring object,2,2token,no,-63.71875,-17.46875,-31.859375,-8.734375,-6.49716329574585,Complete the sentence: hammers are a kind of,Do you think hammers are a measuring object? Answer:,../models/v6-google--gemma-2-9b-it-delta0.15-epoch2--hypernym-concat-bananas-to-dogs-double-all--d2g--random--alpha1.0--full-completion--pref0.0--nllv1.0--nllg1.0--force-same-x--labelonly0.1_merged
hammers,beating tool,2,gpt4_positive,yes,-53.640625,-4.390625,-26.8203125,-2.1953125,0.754350483417511,Complete the sentence: hammers are a kind of,Do you think hammers are a beating tool? Answer:,../models/v6-google--gemma-2-9b-it-delta0.15-epoch2--hypernym-concat-bananas-to-dogs-double-all--d2g--random--alpha1.0--full-completion--pref0.0--nllv1.0--nllg1.0--force-same-x--labelonly0.1_merged
hammers,gardening accessory,2,2token,no,-72.625,-24.625,-36.3125,-12.3125,-2.124075412750244,Complete the sentence: hammers are a kind of,Do you think hammers are a gardening accessory? Answer:,../models/v6-google--gemma-2-9b-it-delta0.15-epoch2--hypernym-concat-bananas-to-dogs-double-all--d2g--random--alpha1.0--full-completion--pref0.0--nllv1.0--nllg1.0--force-same-x--labelonly0.1_merged
hammers,wooden nail,2,2token,no,-66.375,-16.9375,-33.1875,-8.46875,-6.372184753417969,Complete the sentence: hammers are a kind of,Do you think hammers are wooden nails? Answer:,../models/v6-google--gemma-2-9b-it-delta0.15-epoch2--hypernym-concat-bananas-to-dogs-double-all--d2g--random--alpha1.0--full-completion--pref0.0--nllv1.0--nllg1.0--force-same-x--labelonly0.1_merged
hammers,engineering implement,2,2token,yes,-62.125,-13.375,-31.0625,-6.6875,1.127231240272522,Complete the sentence: hammers are a kind of,Do you think hammers are engineering implements? Answer:,../models/v6-google--gemma-2-9b-it-delta0.15-epoch2--hypernym-concat-bananas-to-dogs-double-all--d2g--random--alpha1.0--full-completion--pref0.0--nllv1.0--nllg1.0--force-same-x--labelonly0.1_merged
hammers,work apparatus,2,gpt4_positive,yes,-74.0625,-18.125,-37.03125,-9.0625,0.9984691143035889,Complete the sentence: hammers are a kind of,Do you think hammers are a work apparatus? Answer:,../models/v6-google--gemma-2-9b-it-delta0.15-epoch2--hypernym-concat-bananas-to-dogs-double-all--d2g--random--alpha1.0--full-completion--pref0.0--nllv1.0--nllg1.0--force-same-x--labelonly0.1_merged
hammers,mechanic tool,2,2token,yes,-44.6484375,-4.1484375,-22.32421875,-2.07421875,1.1254088878631592,Complete the sentence: hammers are a kind of,Do you think hammers are mechanic tools? Answer:,../models/v6-google--gemma-2-9b-it-delta0.15-epoch2--hypernym-concat-bananas-to-dogs-double-all--d2g--random--alpha1.0--full-completion--pref0.0--nllv1.0--nllg1.0--force-same-x--labelonly0.1_merged
hammers,noun instrument,2,2token,no,-48.6875,-1.8125,-24.34375,-0.90625,-2.505300521850586,Complete the sentence: hammers are a kind of,Do you think hammers are instruments? Answer:,../models/v6-google--gemma-2-9b-it-delta0.15-epoch2--hypernym-concat-bananas-to-dogs-double-all--d2g--random--alpha1.0--full-completion--pref0.0--nllv1.0--nllg1.0--force-same-x--labelonly0.1_merged
hammers,sports event,2,2token,no,-81.375,-36.71875,-40.6875,-18.359375,-6.371140003204346,Complete the sentence: hammers are a kind of,Do you think hammers are a sports event? Answer:,../models/v6-google--gemma-2-9b-it-delta0.15-epoch2--hypernym-concat-bananas-to-dogs-double-all--d2g--random--alpha1.0--full-completion--pref0.0--nllv1.0--nllg1.0--force-same-x--labelonly0.1_merged
hammers,player,1,gpt4_negative,no,-67.25,-29.125,-67.25,-29.125,-5.9927873611450195,Complete the sentence: hammers are a kind of,Do you think hammers are players? Answer:,../models/v6-google--gemma-2-9b-it-delta0.15-epoch2--hypernym-concat-bananas-to-dogs-double-all--d2g--random--alpha1.0--full-completion--pref0.0--nllv1.0--nllg1.0--force-same-x--labelonly0.1_merged
hammers,sport wear,2,2token,no,-86.375,-37.125,-43.1875,-18.5625,-5.994865417480469,Complete the sentence: hammers are a kind of,Do you think hammers are sport wear? Answer:,../models/v6-google--gemma-2-9b-it-delta0.15-epoch2--hypernym-concat-bananas-to-dogs-double-all--d2g--random--alpha1.0--full-completion--pref0.0--nllv1.0--nllg1.0--force-same-x--labelonly0.1_merged
hammers,flat material,2,2token,no,-63.9375,-14.75,-31.96875,-7.375,-5.744606018066406,Complete the sentence: hammers are a kind of,Do you think hammers are a flat material? Answer:,../models/v6-google--gemma-2-9b-it-delta0.15-epoch2--hypernym-concat-bananas-to-dogs-double-all--d2g--random--alpha1.0--full-completion--pref0.0--nllv1.0--nllg1.0--force-same-x--labelonly0.1_merged
hammers,portable object,2,gpt4_positive,yes,-53.109375,-12.296875,-26.5546875,-6.1484375,0.6277007460594177,Complete the sentence: hammers are a kind of,Do you think hammers are portable objects? Answer:,../models/v6-google--gemma-2-9b-it-delta0.15-epoch2--hypernym-concat-bananas-to-dogs-double-all--d2g--random--alpha1.0--full-completion--pref0.0--nllv1.0--nllg1.0--force-same-x--labelonly0.1_merged
hammers,diy good,2,2token,yes,-64.4375,-14.6875,-32.21875,-7.34375,0.9984205961227417,Complete the sentence: hammers are a kind of,Do you think hammers are DIY goods? Answer:,../models/v6-google--gemma-2-9b-it-delta0.15-epoch2--hypernym-concat-bananas-to-dogs-double-all--d2g--random--alpha1.0--full-completion--pref0.0--nllv1.0--nllg1.0--force-same-x--labelonly0.1_merged
hammers,workshop equipment,2,2token,yes,-61.21875,-15.0,-30.609375,-7.5,1.2523837089538574,Complete the sentence: hammers are a kind of,Do you think hammers are workshop equipment? Answer:,../models/v6-google--gemma-2-9b-it-delta0.15-epoch2--hypernym-concat-bananas-to-dogs-double-all--d2g--random--alpha1.0--full-completion--pref0.0--nllv1.0--nllg1.0--force-same-x--labelonly0.1_merged
hammers,toy box,2,2token,no,-85.625,-42.1875,-42.8125,-21.09375,-6.747483253479004,Complete the sentence: hammers are a kind of,Do you think hammers are toy boxes? Answer:,../models/v6-google--gemma-2-9b-it-delta0.15-epoch2--hypernym-concat-bananas-to-dogs-double-all--d2g--random--alpha1.0--full-completion--pref0.0--nllv1.0--nllg1.0--force-same-x--labelonly0.1_merged
hammers,sharp edge,2,2token,no,-70.5625,-22.28125,-35.28125,-11.140625,-1.5018000602722168,Complete the sentence: hammers are a kind of,Do you think hammers are sharp edges? Answer:,../models/v6-google--gemma-2-9b-it-delta0.15-epoch2--hypernym-concat-bananas-to-dogs-double-all--d2g--random--alpha1.0--full-completion--pref0.0--nllv1.0--nllg1.0--force-same-x--labelonly0.1_merged
hammers,soft good,2,2token,no,-79.375,-29.9375,-39.6875,-14.96875,-5.744320392608643,Complete the sentence: hammers are a kind of,Do you think hammers are a soft good? Answer:,../models/v6-google--gemma-2-9b-it-delta0.15-epoch2--hypernym-concat-bananas-to-dogs-double-all--d2g--random--alpha1.0--full-completion--pref0.0--nllv1.0--nllg1.0--force-same-x--labelonly0.1_merged
hammers,device tool,2,2token,yes,-57.8125,-7.9375,-28.90625,-3.96875,0.7487610578536987,Complete the sentence: hammers are a kind of,Do you think hammers are device tools? Answer:,../models/v6-google--gemma-2-9b-it-delta0.15-epoch2--hypernym-concat-bananas-to-dogs-double-all--d2g--random--alpha1.0--full-completion--pref0.0--nllv1.0--nllg1.0--force-same-x--labelonly0.1_merged
hammers,sports article,2,2token,no,-83.75,-37.03125,-41.875,-18.515625,-6.1208109855651855,Complete the sentence: hammers are a kind of,Do you think hammers are a sports article? Answer:,../models/v6-google--gemma-2-9b-it-delta0.15-epoch2--hypernym-concat-bananas-to-dogs-double-all--d2g--random--alpha1.0--full-completion--pref0.0--nllv1.0--nllg1.0--force-same-x--labelonly0.1_merged
hammers,art object,2,2token,no,-67.9375,-27.1875,-33.96875,-13.59375,-4.378665924072266,Complete the sentence: hammers are a kind of,Do you think hammers are art objects? Answer:,../models/v6-google--gemma-2-9b-it-delta0.15-epoch2--hypernym-concat-bananas-to-dogs-double-all--d2g--random--alpha1.0--full-completion--pref0.0--nllv1.0--nllg1.0--force-same-x--labelonly0.1_merged
hammers,functioning tool,2,gpt4_positive,yes,-59.0,-15.46875,-29.5,-7.734375,1.125632405281067,Complete the sentence: hammers are a kind of,Do you think hammers are a functioning tool? Answer:,../models/v6-google--gemma-2-9b-it-delta0.15-epoch2--hypernym-concat-bananas-to-dogs-double-all--d2g--random--alpha1.0--full-completion--pref0.0--nllv1.0--nllg1.0--force-same-x--labelonly0.1_merged
hammers,woodworking item,2,2token,yes,-55.0625,-12.125,-27.53125,-6.0625,1.2484135627746582,Complete the sentence: hammers are a kind of,Do you think hammers are a woodworking item? Answer:,../models/v6-google--gemma-2-9b-it-delta0.15-epoch2--hypernym-concat-bananas-to-dogs-double-all--d2g--random--alpha1.0--full-completion--pref0.0--nllv1.0--nllg1.0--force-same-x--labelonly0.1_merged
hammers,carpentry device,2,2token,yes,-50.0,-2.0625,-25.0,-1.03125,1.250395655632019,Complete the sentence: hammers are a kind of,Do you think hammers are a carpentry device? Answer:,../models/v6-google--gemma-2-9b-it-delta0.15-epoch2--hypernym-concat-bananas-to-dogs-double-all--d2g--random--alpha1.0--full-completion--pref0.0--nllv1.0--nllg1.0--force-same-x--labelonly0.1_merged
hammers,post office,2,gpt4_negative,no,-72.375,-26.34375,-36.1875,-13.171875,-6.997550964355469,Complete the sentence: hammers are a kind of,Do you think hammers are post offices? Answer:,../models/v6-google--gemma-2-9b-it-delta0.15-epoch2--hypernym-concat-bananas-to-dogs-double-all--d2g--random--alpha1.0--full-completion--pref0.0--nllv1.0--nllg1.0--force-same-x--labelonly0.1_merged
hammers,science article,2,2token,no,-69.5,-26.875,-34.75,-13.4375,-6.496723651885986,Complete the sentence: hammers are a kind of,Do you think hammers are science articles? Answer:,../models/v6-google--gemma-2-9b-it-delta0.15-epoch2--hypernym-concat-bananas-to-dogs-double-all--d2g--random--alpha1.0--full-completion--pref0.0--nllv1.0--nllg1.0--force-same-x--labelonly0.1_merged
hammers,factory job,2,2token,no,-67.125,-20.84375,-33.5625,-10.421875,-6.997364521026611,Complete the sentence: hammers are a kind of,Do you think hammers are factory jobs? Answer:,../models/v6-google--gemma-2-9b-it-delta0.15-epoch2--hypernym-concat-bananas-to-dogs-double-all--d2g--random--alpha1.0--full-completion--pref0.0--nllv1.0--nllg1.0--force-same-x--labelonly0.1_merged
hammers,used item,2,2token,yes,-63.5,-14.5,-31.75,-7.25,0.5006468296051025,Complete the sentence: hammers are a kind of,Do you think hammers are used items? Answer:,../models/v6-google--gemma-2-9b-it-delta0.15-epoch2--hypernym-concat-bananas-to-dogs-double-all--d2g--random--alpha1.0--full-completion--pref0.0--nllv1.0--nllg1.0--force-same-x--labelonly0.1_merged
hammers,writing implement,2,2token,no,-65.375,-17.0,-32.6875,-8.5,-6.121311187744141,Complete the sentence: hammers are a kind of,Do you think hammers are a writing implement? Answer:,../models/v6-google--gemma-2-9b-it-delta0.15-epoch2--hypernym-concat-bananas-to-dogs-double-all--d2g--random--alpha1.0--full-completion--pref0.0--nllv1.0--nllg1.0--force-same-x--labelonly0.1_merged
hammers,carpentry material,2,2token,yes,-53.5,-10.46875,-26.75,-5.234375,0.5023057460784912,Complete the sentence: hammers are a kind of,Do you think hammers are carpentry materials? Answer:,../models/v6-google--gemma-2-9b-it-delta0.15-epoch2--hypernym-concat-bananas-to-dogs-double-all--d2g--random--alpha1.0--full-completion--pref0.0--nllv1.0--nllg1.0--force-same-x--labelonly0.1_merged
hammers,personal tool,2,gpt4_positive,yes,-56.5,-8.375,-28.25,-4.1875,0.8740825653076172,Complete the sentence: hammers are a kind of,Do you think hammers are a personal tool? Answer:,../models/v6-google--gemma-2-9b-it-delta0.15-epoch2--hypernym-concat-bananas-to-dogs-double-all--d2g--random--alpha1.0--full-completion--pref0.0--nllv1.0--nllg1.0--force-same-x--labelonly0.1_merged
hammers,musical instrumento,2,2token,yes,-65.5625,-16.125,-32.78125,-8.0625,-3.8775765895843506,Complete the sentence: hammers are a kind of,Do you think hammers are musical instruments? Answer:,../models/v6-google--gemma-2-9b-it-delta0.15-epoch2--hypernym-concat-bananas-to-dogs-double-all--d2g--random--alpha1.0--full-completion--pref0.0--nllv1.0--nllg1.0--force-same-x--labelonly0.1_merged
hammers,industrial equipment,2,2token,yes,-59.625,-19.59375,-29.8125,-9.796875,1.1273211240768433,Complete the sentence: hammers are a kind of,Do you think hammers are industrial equipment? Answer:,../models/v6-google--gemma-2-9b-it-delta0.15-epoch2--hypernym-concat-bananas-to-dogs-double-all--d2g--random--alpha1.0--full-completion--pref0.0--nllv1.0--nllg1.0--force-same-x--labelonly0.1_merged
hammers,mechanic hardware,2,2token,yes,-58.375,-10.9375,-29.1875,-5.46875,1.1234040260314941,Complete the sentence: hammers are a kind of,Do you think hammers are mechanic hardware? Answer:,../models/v6-google--gemma-2-9b-it-delta0.15-epoch2--hypernym-concat-bananas-to-dogs-double-all--d2g--random--alpha1.0--full-completion--pref0.0--nllv1.0--nllg1.0--force-same-x--labelonly0.1_merged
hammers,carpenter material,2,2token,yes,-53.125,-3.6875,-26.5625,-1.84375,0.2504003643989563,Complete the sentence: hammers are a kind of,Do you think hammers are carpenter materials? Answer:,../models/v6-google--gemma-2-9b-it-delta0.15-epoch2--hypernym-concat-bananas-to-dogs-double-all--d2g--random--alpha1.0--full-completion--pref0.0--nllv1.0--nllg1.0--force-same-x--labelonly0.1_merged
hammers,factory implement,2,2token,yes,-70.15625,-19.09375,-35.078125,-9.546875,-0.3746051788330078,Complete the sentence: hammers are a kind of,Do you think hammers are a factory implement? Answer:,../models/v6-google--gemma-2-9b-it-delta0.15-epoch2--hypernym-concat-bananas-to-dogs-double-all--d2g--random--alpha1.0--full-completion--pref0.0--nllv1.0--nllg1.0--force-same-x--labelonly0.1_merged
hammers,factory product,2,2token,yes,-74.75,-27.0,-37.375,-13.5,0.6234261989593506,Complete the sentence: hammers are a kind of,Do you think hammers are factory products? Answer:,../models/v6-google--gemma-2-9b-it-delta0.15-epoch2--hypernym-concat-bananas-to-dogs-double-all--d2g--random--alpha1.0--full-completion--pref0.0--nllv1.0--nllg1.0--force-same-x--labelonly0.1_merged
hammers,apple hammer,2,2token,no,-83.875,-30.1875,-41.9375,-15.09375,-6.2461137771606445,Complete the sentence: hammers are a kind of,Do you think hammers are apple hammers? Answer:,../models/v6-google--gemma-2-9b-it-delta0.15-epoch2--hypernym-concat-bananas-to-dogs-double-all--d2g--random--alpha1.0--full-completion--pref0.0--nllv1.0--nllg1.0--force-same-x--labelonly0.1_merged
hammers,creativity,1,gpt4_negative,no,-52.0,-19.875,-52.0,-19.875,-3.742483139038086,Complete the sentence: hammers are a kind of,Do you think hammers are creative? Answer:,../models/v6-google--gemma-2-9b-it-delta0.15-epoch2--hypernym-concat-bananas-to-dogs-double-all--d2g--random--alpha1.0--full-completion--pref0.0--nllv1.0--nllg1.0--force-same-x--labelonly0.1_merged
hammers,journalist,1,gpt4_negative,no,-66.0,-32.375,-66.0,-32.375,-6.872691631317139,Complete the sentence: hammers are a kind of,Do you think hammers are journalists? Answer:,../models/v6-google--gemma-2-9b-it-delta0.15-epoch2--hypernym-concat-bananas-to-dogs-double-all--d2g--random--alpha1.0--full-completion--pref0.0--nllv1.0--nllg1.0--force-same-x--labelonly0.1_merged
hammers,blunt device,2,2token,yes,-56.4375,-7.0625,-28.21875,-3.53125,0.37535417079925537,Complete the sentence: hammers are a kind of,Do you think hammers are blunt devices? Answer:,../models/v6-google--gemma-2-9b-it-delta0.15-epoch2--hypernym-concat-bananas-to-dogs-double-all--d2g--random--alpha1.0--full-completion--pref0.0--nllv1.0--nllg1.0--force-same-x--labelonly0.1_merged
hammers,diy object,2,2token,yes,-60.6875,-13.3125,-30.34375,-6.65625,1.1274325847625732,Complete the sentence: hammers are a kind of,Do you think hammers are a diy object? Answer:,../models/v6-google--gemma-2-9b-it-delta0.15-epoch2--hypernym-concat-bananas-to-dogs-double-all--d2g--random--alpha1.0--full-completion--pref0.0--nllv1.0--nllg1.0--force-same-x--labelonly0.1_merged
hammers,carpentry supply,2,2token,yes,-54.6875,-8.375,-27.34375,-4.1875,1.2523324489593506,Complete the sentence: hammers are a kind of,Do you think hammers are carpentry supplies? Answer:,../models/v6-google--gemma-2-9b-it-delta0.15-epoch2--hypernym-concat-bananas-to-dogs-double-all--d2g--random--alpha1.0--full-completion--pref0.0--nllv1.0--nllg1.0--force-same-x--labelonly0.1_merged
hammers,weight machinery,2,2token,no,-73.0,-21.0625,-36.5,-10.53125,0.12540686130523682,Complete the sentence: hammers are a kind of,Do you think hammers are weight machinery? Answer:,../models/v6-google--gemma-2-9b-it-delta0.15-epoch2--hypernym-concat-bananas-to-dogs-double-all--d2g--random--alpha1.0--full-completion--pref0.0--nllv1.0--nllg1.0--force-same-x--labelonly0.1_merged
hammers,tunnels,1,gpt4_negative,no,-60.9375,-22.4375,-60.9375,-22.4375,-6.872556686401367,Complete the sentence: hammers are a kind of,Do you think hammers are tunnels? Answer:,../models/v6-google--gemma-2-9b-it-delta0.15-epoch2--hypernym-concat-bananas-to-dogs-double-all--d2g--random--alpha1.0--full-completion--pref0.0--nllv1.0--nllg1.0--force-same-x--labelonly0.1_merged
hammers,simple mechanism,2,2token,yes,-70.4375,-15.4375,-35.21875,-7.71875,0.4968351125717163,Complete the sentence: hammers are a kind of,Do you think hammers are a simple mechanism? Answer:,../models/v6-google--gemma-2-9b-it-delta0.15-epoch2--hypernym-concat-bananas-to-dogs-double-all--d2g--random--alpha1.0--full-completion--pref0.0--nllv1.0--nllg1.0--force-same-x--labelonly0.1_merged
hammers,simple thing,2,2token,yes,-66.6875,-16.8125,-33.34375,-8.40625,-1.757688045501709,Complete the sentence: hammers are a kind of,Do you think hammers are simple things? Answer:,../models/v6-google--gemma-2-9b-it-delta0.15-epoch2--hypernym-concat-bananas-to-dogs-double-all--d2g--random--alpha1.0--full-completion--pref0.0--nllv1.0--nllg1.0--force-same-x--labelonly0.1_merged
hammers,simple object,2,2token,yes,-65.25,-14.875,-32.625,-7.4375,-0.37441158294677734,Complete the sentence: hammers are a kind of,Do you think hammers are simple objects? Answer:,../models/v6-google--gemma-2-9b-it-delta0.15-epoch2--hypernym-concat-bananas-to-dogs-double-all--d2g--random--alpha1.0--full-completion--pref0.0--nllv1.0--nllg1.0--force-same-x--labelonly0.1_merged
hammers,science thing,2,2token,no,-76.6875,-31.1875,-38.34375,-15.59375,-3.6272385120391846,Complete the sentence: hammers are a kind of,Do you think hammers are a science thing? Answer:,../models/v6-google--gemma-2-9b-it-delta0.15-epoch2--hypernym-concat-bananas-to-dogs-double-all--d2g--random--alpha1.0--full-completion--pref0.0--nllv1.0--nllg1.0--force-same-x--labelonly0.1_merged
hammers,mechanic apparatus,2,2token,yes,-59.375,-6.3125,-29.6875,-3.15625,1.1234362125396729,Complete the sentence: hammers are a kind of,Do you think hammers are mechanical apparatuses? Answer:,../models/v6-google--gemma-2-9b-it-delta0.15-epoch2--hypernym-concat-bananas-to-dogs-double-all--d2g--random--alpha1.0--full-completion--pref0.0--nllv1.0--nllg1.0--force-same-x--labelonly0.1_merged
hammers,chisel tool,2,2token,no,-47.375,-7.125,-23.6875,-3.5625,-3.005819320678711,Complete the sentence: hammers are a kind of,Do you think hammers are chisel tools? Answer:,../models/v6-google--gemma-2-9b-it-delta0.15-epoch2--hypernym-concat-bananas-to-dogs-double-all--d2g--random--alpha1.0--full-completion--pref0.0--nllv1.0--nllg1.0--force-same-x--labelonly0.1_merged
hammers,garden device,2,2token,no,-84.5,-28.5625,-42.25,-14.28125,-4.51348352432251,Complete the sentence: hammers are a kind of,Do you think hammers are a garden device? Answer:,../models/v6-google--gemma-2-9b-it-delta0.15-epoch2--hypernym-concat-bananas-to-dogs-double-all--d2g--random--alpha1.0--full-completion--pref0.0--nllv1.0--nllg1.0--force-same-x--labelonly0.1_merged
hammers,exercise gadget,2,2token,no,-77.5625,-26.3125,-38.78125,-13.15625,-6.622318744659424,Complete the sentence: hammers are a kind of,Do you think hammers are exercise gadgets? Answer:,../models/v6-google--gemma-2-9b-it-delta0.15-epoch2--hypernym-concat-bananas-to-dogs-double-all--d2g--random--alpha1.0--full-completion--pref0.0--nllv1.0--nllg1.0--force-same-x--labelonly0.1_merged
hammers,woodworking accessory,2,2token,yes,-55.875,-10.25,-27.9375,-5.125,1.1273504495620728,Complete the sentence: hammers are a kind of,Do you think hammers are a woodworking accessory? Answer:,../models/v6-google--gemma-2-9b-it-delta0.15-epoch2--hypernym-concat-bananas-to-dogs-double-all--d2g--random--alpha1.0--full-completion--pref0.0--nllv1.0--nllg1.0--force-same-x--labelonly0.1_merged
hammers,material possession,2,gpt4_positive,yes,-51.15625,-8.71875,-25.578125,-4.359375,0.7524597644805908,Complete the sentence: hammers are a kind of,Do you think hammers are a material possession? Answer:,../models/v6-google--gemma-2-9b-it-delta0.15-epoch2--hypernym-concat-bananas-to-dogs-double-all--d2g--random--alpha1.0--full-completion--pref0.0--nllv1.0--nllg1.0--force-same-x--labelonly0.1_merged
hammers,capital good,2,gpt4_positive,yes,-51.453125,-10.609375,-25.7265625,-5.3046875,0.7486537098884583,Complete the sentence: hammers are a kind of,Do you think hammers are a capital good? Answer:,../models/v6-google--gemma-2-9b-it-delta0.15-epoch2--hypernym-concat-bananas-to-dogs-double-all--d2g--random--alpha1.0--full-completion--pref0.0--nllv1.0--nllg1.0--force-same-x--labelonly0.1_merged
hammers,simple apparatus,2,2token,yes,-71.25,-13.9375,-35.625,-6.96875,0.1255674958229065,Complete the sentence: hammers are a kind of,Do you think hammers are simple apparatuses? Answer:,../models/v6-google--gemma-2-9b-it-delta0.15-epoch2--hypernym-concat-bananas-to-dogs-double-all--d2g--random--alpha1.0--full-completion--pref0.0--nllv1.0--nllg1.0--force-same-x--labelonly0.1_merged
hammers,carpenter tool,2,2token,yes,-45.3125,-0.0625,-22.65625,-0.03125,1.2464277744293213,Complete the sentence: hammers are a kind of,Do you think hammers are carpenter tools? Answer:,../models/v6-google--gemma-2-9b-it-delta0.15-epoch2--hypernym-concat-bananas-to-dogs-double-all--d2g--random--alpha1.0--full-completion--pref0.0--nllv1.0--nllg1.0--force-same-x--labelonly0.1_merged
hammers,writing accessory,2,2token,no,-75.5,-23.5625,-37.75,-11.78125,-6.121433258056641,Complete the sentence: hammers are a kind of,Do you think hammers are a writing accessory? Answer:,../models/v6-google--gemma-2-9b-it-delta0.15-epoch2--hypernym-concat-bananas-to-dogs-double-all--d2g--random--alpha1.0--full-completion--pref0.0--nllv1.0--nllg1.0--force-same-x--labelonly0.1_merged
hammers,job instrument,2,2token,yes,-69.0625,-15.625,-34.53125,-7.8125,-1.2516831159591675,Complete the sentence: hammers are a kind of,Do you think hammers are a job instrument? Answer:,../models/v6-google--gemma-2-9b-it-delta0.15-epoch2--hypernym-concat-bananas-to-dogs-double-all--d2g--random--alpha1.0--full-completion--pref0.0--nllv1.0--nllg1.0--force-same-x--labelonly0.1_merged
hammers,animal skin,2,2token,no,-80.5,-37.21875,-40.25,-18.609375,-6.496941566467285,Complete the sentence: hammers are a kind of,Do you think hammers are animal skins? Answer:,../models/v6-google--gemma-2-9b-it-delta0.15-epoch2--hypernym-concat-bananas-to-dogs-double-all--d2g--random--alpha1.0--full-completion--pref0.0--nllv1.0--nllg1.0--force-same-x--labelonly0.1_merged
hammers,science fact,2,2token,no,-67.0625,-24.0,-33.53125,-12.0,-5.618002891540527,Complete the sentence: hammers are a kind of,Do you think hammers are a science fact? Answer:,../models/v6-google--gemma-2-9b-it-delta0.15-epoch2--hypernym-concat-bananas-to-dogs-double-all--d2g--random--alpha1.0--full-completion--pref0.0--nllv1.0--nllg1.0--force-same-x--labelonly0.1_merged
hammers,simple technology,2,2token,yes,-68.75,-15.5625,-34.375,-7.78125,0.7529304027557373,Complete the sentence: hammers are a kind of,Do you think hammers are a simple technology? Answer:,../models/v6-google--gemma-2-9b-it-delta0.15-epoch2--hypernym-concat-bananas-to-dogs-double-all--d2g--random--alpha1.0--full-completion--pref0.0--nllv1.0--nllg1.0--force-same-x--labelonly0.1_merged
hammers,helicopters,1,gpt4_negative,no,-66.75,-31.9375,-66.75,-31.9375,-6.872798442840576,Complete the sentence: hammers are a kind of,Do you think hammers are helicopters? Answer:,../models/v6-google--gemma-2-9b-it-delta0.15-epoch2--hypernym-concat-bananas-to-dogs-double-all--d2g--random--alpha1.0--full-completion--pref0.0--nllv1.0--nllg1.0--force-same-x--labelonly0.1_merged
hammers,item tool,2,2token,yes,-48.96875,-1.90625,-24.484375,-0.953125,1.252345323562622,Complete the sentence: hammers are a kind of,Do you think hammers are tools? Answer:,../models/v6-google--gemma-2-9b-it-delta0.15-epoch2--hypernym-concat-bananas-to-dogs-double-all--d2g--random--alpha1.0--full-completion--pref0.0--nllv1.0--nllg1.0--force-same-x--labelonly0.1_merged
hammers,carpenter machine,2,2token,no,-54.3125,-3.1875,-27.15625,-1.59375,1.00239896774292,Complete the sentence: hammers are a kind of,Do you think hammers are carpenter machinery? Answer:,../models/v6-google--gemma-2-9b-it-delta0.15-epoch2--hypernym-concat-bananas-to-dogs-double-all--d2g--random--alpha1.0--full-completion--pref0.0--nllv1.0--nllg1.0--force-same-x--labelonly0.1_merged
hammers,tool product,2,gpt4_positive,yes,-57.125,-8.8125,-28.5625,-4.40625,0.7466471195220947,Complete the sentence: hammers are a kind of,Do you think hammers are a tool product? Answer:,../models/v6-google--gemma-2-9b-it-delta0.15-epoch2--hypernym-concat-bananas-to-dogs-double-all--d2g--random--alpha1.0--full-completion--pref0.0--nllv1.0--nllg1.0--force-same-x--labelonly0.1_merged
hammers,repair tool,2,2token,yes,-53.9609375,-11.0234375,-26.98046875,-5.51171875,1.2523517608642578,Complete the sentence: hammers are a kind of,Do you think hammers are a repair tool? Answer:,../models/v6-google--gemma-2-9b-it-delta0.15-epoch2--hypernym-concat-bananas-to-dogs-double-all--d2g--random--alpha1.0--full-completion--pref0.0--nllv1.0--nllg1.0--force-same-x--labelonly0.1_merged
hammers,blunt equipment,2,2token,yes,-62.6875,-11.4375,-31.34375,-5.71875,0.5023257732391357,Complete the sentence: hammers are a kind of,Do you think hammers are blunt equipment? Answer:,../models/v6-google--gemma-2-9b-it-delta0.15-epoch2--hypernym-concat-bananas-to-dogs-double-all--d2g--random--alpha1.0--full-completion--pref0.0--nllv1.0--nllg1.0--force-same-x--labelonly0.1_merged
hammers,blunt instrument,2,2token,yes,-50.390625,-7.484375,-25.1953125,-3.7421875,0.879284143447876,Complete the sentence: hammers are a kind of,Do you think hammers are blunt instruments? Answer:,../models/v6-google--gemma-2-9b-it-delta0.15-epoch2--hypernym-concat-bananas-to-dogs-double-all--d2g--random--alpha1.0--full-completion--pref0.0--nllv1.0--nllg1.0--force-same-x--labelonly0.1_merged
hammers,muscle strength,2,2token,no,-68.3125,-24.875,-34.15625,-12.4375,-6.496766090393066,Complete the sentence: hammers are a kind of,Do you think hammers are muscles? Answer:,../models/v6-google--gemma-2-9b-it-delta0.15-epoch2--hypernym-concat-bananas-to-dogs-double-all--d2g--random--alpha1.0--full-completion--pref0.0--nllv1.0--nllg1.0--force-same-x--labelonly0.1_merged
hammers,workshop thing,2,2token,yes,-71.75,-22.375,-35.875,-11.1875,0.8735785484313965,Complete the sentence: hammers are a kind of,Do you think hammers are a workshop thing? Answer:,../models/v6-google--gemma-2-9b-it-delta0.15-epoch2--hypernym-concat-bananas-to-dogs-double-all--d2g--random--alpha1.0--full-completion--pref0.0--nllv1.0--nllg1.0--force-same-x--labelonly0.1_merged
hammers,apple juice,2,2token,no,-82.75,-42.609375,-41.375,-21.3046875,-6.87235689163208,Complete the sentence: hammers are a kind of,Do you think hammers are apple juice? Answer:,../models/v6-google--gemma-2-9b-it-delta0.15-epoch2--hypernym-concat-bananas-to-dogs-double-all--d2g--random--alpha1.0--full-completion--pref0.0--nllv1.0--nllg1.0--force-same-x--labelonly0.1_merged
hammers,primitive machine,2,gpt4_positive,yes,-61.65625,-12.75,-30.828125,-6.375,0.6238238215446472,Complete the sentence: hammers are a kind of,Do you think hammers are a primitive machine? Answer:,../models/v6-google--gemma-2-9b-it-delta0.15-epoch2--hypernym-concat-bananas-to-dogs-double-all--d2g--random--alpha1.0--full-completion--pref0.0--nllv1.0--nllg1.0--force-same-x--labelonly0.1_merged
hammers,industry product,2,2token,yes,-65.375,-17.375,-32.6875,-8.6875,0.7523871660232544,Complete the sentence: hammers are a kind of,Do you think hammers are industry products? Answer:,../models/v6-google--gemma-2-9b-it-delta0.15-epoch2--hypernym-concat-bananas-to-dogs-double-all--d2g--random--alpha1.0--full-completion--pref0.0--nllv1.0--nllg1.0--force-same-x--labelonly0.1_merged
hammers,physical asset,2,gpt4_positive,yes,-67.375,-16.8125,-33.6875,-8.40625,0.6276707649230957,Complete the sentence: hammers are a kind of,Do you think hammers are a physical asset? Answer:,../models/v6-google--gemma-2-9b-it-delta0.15-epoch2--hypernym-concat-bananas-to-dogs-double-all--d2g--random--alpha1.0--full-completion--pref0.0--nllv1.0--nllg1.0--force-same-x--labelonly0.1_merged
hammers,work accessory,2,gpt4_positive,yes,-71.125,-17.8125,-35.5625,-8.90625,1.1292790174484253,Complete the sentence: hammers are a kind of,Do you think hammers are a work accessory? Answer:,../models/v6-google--gemma-2-9b-it-delta0.15-epoch2--hypernym-concat-bananas-to-dogs-double-all--d2g--random--alpha1.0--full-completion--pref0.0--nllv1.0--nllg1.0--force-same-x--labelonly0.1_merged
hammers,item tool,2,2token,yes,-48.96875,-1.90625,-24.484375,-0.953125,1.252345323562622,Complete the sentence: hammers are a kind of,Do you think hammers are tools? Answer:,../models/v6-google--gemma-2-9b-it-delta0.15-epoch2--hypernym-concat-bananas-to-dogs-double-all--d2g--random--alpha1.0--full-completion--pref0.0--nllv1.0--nllg1.0--force-same-x--labelonly0.1_merged
hammers,stadium,1,gpt4_negative,no,-61.375,-24.125,-61.375,-24.125,-6.872344970703125,Complete the sentence: hammers are a kind of,Do you think hammers are stadiums? Answer:,../models/v6-google--gemma-2-9b-it-delta0.15-epoch2--hypernym-concat-bananas-to-dogs-double-all--d2g--random--alpha1.0--full-completion--pref0.0--nllv1.0--nllg1.0--force-same-x--labelonly0.1_merged
hammers,industry good,2,2token,yes,-70.3125,-21.5,-35.15625,-10.75,0.7466672658920288,Complete the sentence: hammers are a kind of,Do you think hammers are industry goods? Answer:,../models/v6-google--gemma-2-9b-it-delta0.15-epoch2--hypernym-concat-bananas-to-dogs-double-all--d2g--random--alpha1.0--full-completion--pref0.0--nllv1.0--nllg1.0--force-same-x--labelonly0.1_merged
hammers,carpenter accessory,2,2token,yes,-55.8125,-2.75,-27.90625,-1.375,1.1293020248413086,Complete the sentence: hammers are a kind of,Do you think hammers are carpenter accessories? Answer:,../models/v6-google--gemma-2-9b-it-delta0.15-epoch2--hypernym-concat-bananas-to-dogs-double-all--d2g--random--alpha1.0--full-completion--pref0.0--nllv1.0--nllg1.0--force-same-x--labelonly0.1_merged
hammers,type weapons,2,2token,no,-75.6875,-23.75,-37.84375,-11.875,-0.8787167072296143,Complete the sentence: hammers are a kind of,Do you think hammers are a type of weapon? Answer:,../models/v6-google--gemma-2-9b-it-delta0.15-epoch2--hypernym-concat-bananas-to-dogs-double-all--d2g--random--alpha1.0--full-completion--pref0.0--nllv1.0--nllg1.0--force-same-x--labelonly0.1_merged
hammers,festival,1,gpt4_negative,no,-67.875,-27.1875,-67.875,-27.1875,-6.87215518951416,Complete the sentence: hammers are a kind of,Do you think hammers are festivals? Answer:,../models/v6-google--gemma-2-9b-it-delta0.15-epoch2--hypernym-concat-bananas-to-dogs-double-all--d2g--random--alpha1.0--full-completion--pref0.0--nllv1.0--nllg1.0--force-same-x--labelonly0.1_merged
hammers,blunt stick,2,2token,yes,-68.9375,-19.8125,-34.46875,-9.90625,-3.879119873046875,Complete the sentence: hammers are a kind of,Do you think hammers are blunt sticks? Answer:,../models/v6-google--gemma-2-9b-it-delta0.15-epoch2--hypernym-concat-bananas-to-dogs-double-all--d2g--random--alpha1.0--full-completion--pref0.0--nllv1.0--nllg1.0--force-same-x--labelonly0.1_merged
hammers,alien,1,gpt4_negative,no,-60.25,-24.4375,-60.25,-24.4375,-6.4965338706970215,Complete the sentence: hammers are a kind of,Do you think hammers are aliens? Answer:,../models/v6-google--gemma-2-9b-it-delta0.15-epoch2--hypernym-concat-bananas-to-dogs-double-all--d2g--random--alpha1.0--full-completion--pref0.0--nllv1.0--nllg1.0--force-same-x--labelonly0.1_merged
hammers,gardening thing,2,2token,no,-72.375,-25.875,-36.1875,-12.9375,-3.504714012145996,Complete the sentence: hammers are a kind of,Do you think hammers are a gardening thing? Answer:,../models/v6-google--gemma-2-9b-it-delta0.15-epoch2--hypernym-concat-bananas-to-dogs-double-all--d2g--random--alpha1.0--full-completion--pref0.0--nllv1.0--nllg1.0--force-same-x--labelonly0.1_merged
hammers,gardening work,2,2token,no,-74.625,-32.1875,-37.3125,-16.09375,-1.1228712797164917,Complete the sentence: hammers are a kind of,Do you think hammers are gardening tools? Answer:,../models/v6-google--gemma-2-9b-it-delta0.15-epoch2--hypernym-concat-bananas-to-dogs-double-all--d2g--random--alpha1.0--full-completion--pref0.0--nllv1.0--nllg1.0--force-same-x--labelonly0.1_merged
hammers,word art,2,2token,no,-73.625,-31.6875,-36.8125,-15.84375,-6.496816635131836,Complete the sentence: hammers are a kind of,Do you think hammers are word art? Answer:,../models/v6-google--gemma-2-9b-it-delta0.15-epoch2--hypernym-concat-bananas-to-dogs-double-all--d2g--random--alpha1.0--full-completion--pref0.0--nllv1.0--nllg1.0--force-same-x--labelonly0.1_merged
hammers,type instrument,2,2token,no,-64.5625,-12.125,-32.28125,-6.0625,-1.3729438781738281,Complete the sentence: hammers are a kind of,Do you think hammers are a type of instruments? Answer:,../models/v6-google--gemma-2-9b-it-delta0.15-epoch2--hypernym-concat-bananas-to-dogs-double-all--d2g--random--alpha1.0--full-completion--pref0.0--nllv1.0--nllg1.0--force-same-x--labelonly0.1_merged
hammers,repair implement,2,2token,yes,-66.9375,-13.25,-33.46875,-6.625,1.252302885055542,Complete the sentence: hammers are a kind of,Do you think hammers are repair implements? Answer:,../models/v6-google--gemma-2-9b-it-delta0.15-epoch2--hypernym-concat-bananas-to-dogs-double-all--d2g--random--alpha1.0--full-completion--pref0.0--nllv1.0--nllg1.0--force-same-x--labelonly0.1_merged
hammers,apple core,2,2token,no,-83.5625,-40.34375,-41.78125,-20.171875,-6.747475624084473,Complete the sentence: hammers are a kind of,Do you think hammers are apple cores? Answer:,../models/v6-google--gemma-2-9b-it-delta0.15-epoch2--hypernym-concat-bananas-to-dogs-double-all--d2g--random--alpha1.0--full-completion--pref0.0--nllv1.0--nllg1.0--force-same-x--labelonly0.1_merged
hammers,work resource,2,gpt4_positive,yes,-73.0,-24.75,-36.5,-12.375,0.998434841632843,Complete the sentence: hammers are a kind of,Do you think hammers are a work resource? Answer:,../models/v6-google--gemma-2-9b-it-delta0.15-epoch2--hypernym-concat-bananas-to-dogs-double-all--d2g--random--alpha1.0--full-completion--pref0.0--nllv1.0--nllg1.0--force-same-x--labelonly0.1_merged
hammers,black holes,2,gpt4_negative,no,-79.875,-38.203125,-39.9375,-19.1015625,-6.621660232543945,Complete the sentence: hammers are a kind of,Do you think hammers are black holes? Answer:,../models/v6-google--gemma-2-9b-it-delta0.15-epoch2--hypernym-concat-bananas-to-dogs-double-all--d2g--random--alpha1.0--full-completion--pref0.0--nllv1.0--nllg1.0--force-same-x--labelonly0.1_merged
hammers,rock fruit,2,2token,no,-95.125,-43.8125,-47.5625,-21.90625,-6.371781349182129,Complete the sentence: hammers are a kind of,Do you think hammers are a rock fruit? Answer:,../models/v6-google--gemma-2-9b-it-delta0.15-epoch2--hypernym-concat-bananas-to-dogs-double-all--d2g--random--alpha1.0--full-completion--pref0.0--nllv1.0--nllg1.0--force-same-x--labelonly0.1_merged
hammers,clothes dryer,2,2token,no,-73.8125,-29.03125,-36.90625,-14.515625,-6.74747896194458,Complete the sentence: hammers are a kind of,Do you think hammers are clothes dryers? Answer:,../models/v6-google--gemma-2-9b-it-delta0.15-epoch2--hypernym-concat-bananas-to-dogs-double-all--d2g--random--alpha1.0--full-completion--pref0.0--nllv1.0--nllg1.0--force-same-x--labelonly0.1_merged
hammers,blacksmith object,2,2token,yes,-56.625,-12.5625,-28.3125,-6.28125,0.6234374046325684,Complete the sentence: hammers are a kind of,Do you think hammers are blacksmith objects? Answer:,../models/v6-google--gemma-2-9b-it-delta0.15-epoch2--hypernym-concat-bananas-to-dogs-double-all--d2g--random--alpha1.0--full-completion--pref0.0--nllv1.0--nllg1.0--force-same-x--labelonly0.1_merged
hammers,animal pen,2,2token,no,-82.9375,-37.1875,-41.46875,-18.59375,-6.747290134429932,Complete the sentence: hammers are a kind of,Do you think hammers are animal pens? Answer:,../models/v6-google--gemma-2-9b-it-delta0.15-epoch2--hypernym-concat-bananas-to-dogs-double-all--d2g--random--alpha1.0--full-completion--pref0.0--nllv1.0--nllg1.0--force-same-x--labelonly0.1_merged
hammers,percussion instrument,2,2token,yes,-39.5234375,-0.109375,-19.76171875,-0.0546875,0.7523724436759949,Complete the sentence: hammers are a kind of,Do you think hammers are percussion instruments? Answer:,../models/v6-google--gemma-2-9b-it-delta0.15-epoch2--hypernym-concat-bananas-to-dogs-double-all--d2g--random--alpha1.0--full-completion--pref0.0--nllv1.0--nllg1.0--force-same-x--labelonly0.1_merged
hammers,belt,1,gpt4_negative,no,-64.125,-25.3125,-64.125,-25.3125,-6.9978437423706055,Complete the sentence: hammers are a kind of,Do you think hammers are belts? Answer:,../models/v6-google--gemma-2-9b-it-delta0.15-epoch2--hypernym-concat-bananas-to-dogs-double-all--d2g--random--alpha1.0--full-completion--pref0.0--nllv1.0--nllg1.0--force-same-x--labelonly0.1_merged
hammers,work aid,2,gpt4_positive,yes,-74.75,-23.25,-37.375,-11.625,0.9965160489082336,Complete the sentence: hammers are a kind of,Do you think hammers are a work aid? Answer:,../models/v6-google--gemma-2-9b-it-delta0.15-epoch2--hypernym-concat-bananas-to-dogs-double-all--d2g--random--alpha1.0--full-completion--pref0.0--nllv1.0--nllg1.0--force-same-x--labelonly0.1_merged
hammers,coupon,1,gpt4_negative,no,-63.25,-23.375,-63.25,-23.375,-6.496582508087158,Complete the sentence: hammers are a kind of,Do you think hammers are a coupon? Answer:,../models/v6-google--gemma-2-9b-it-delta0.15-epoch2--hypernym-concat-bananas-to-dogs-double-all--d2g--random--alpha1.0--full-completion--pref0.0--nllv1.0--nllg1.0--force-same-x--labelonly0.1_merged
hammers,barrier,1,gpt4_negative,no,-45.625,-10.5,-45.625,-10.5,-5.365443229675293,Complete the sentence: hammers are a kind of,Do you think hammers are a barrier? Answer:,../models/v6-google--gemma-2-9b-it-delta0.15-epoch2--hypernym-concat-bananas-to-dogs-double-all--d2g--random--alpha1.0--full-completion--pref0.0--nllv1.0--nllg1.0--force-same-x--labelonly0.1_merged
hammers,personal property,2,gpt4_positive,yes,-60.875,-16.125,-30.4375,-8.0625,0.5004721879959106,Complete the sentence: hammers are a kind of,Do you think hammers are personal property? Answer:,../models/v6-google--gemma-2-9b-it-delta0.15-epoch2--hypernym-concat-bananas-to-dogs-double-all--d2g--random--alpha1.0--full-completion--pref0.0--nllv1.0--nllg1.0--force-same-x--labelonly0.1_merged
hammers,laboring tool,2,gpt4_positive,yes,-48.8203125,-4.7578125,-24.41015625,-2.37890625,1.002349615097046,Complete the sentence: hammers are a kind of,Do you think hammers are a laboring tool? Answer:,../models/v6-google--gemma-2-9b-it-delta0.15-epoch2--hypernym-concat-bananas-to-dogs-double-all--d2g--random--alpha1.0--full-completion--pref0.0--nllv1.0--nllg1.0--force-same-x--labelonly0.1_merged
hammers,storm,1,gpt4_negative,no,-58.0,-20.9375,-58.0,-20.9375,-6.872467041015625,Complete the sentence: hammers are a kind of,Do you think hammers are storms? Answer:,../models/v6-google--gemma-2-9b-it-delta0.15-epoch2--hypernym-concat-bananas-to-dogs-double-all--d2g--random--alpha1.0--full-completion--pref0.0--nllv1.0--nllg1.0--force-same-x--labelonly0.1_merged
hammers,employment equipment,2,gpt4_positive,yes,-68.25,-17.375,-34.125,-8.6875,-2.9975526332855225,Complete the sentence: hammers are a kind of,Do you think hammers are employment equipment? Answer:,../models/v6-google--gemma-2-9b-it-delta0.15-epoch2--hypernym-concat-bananas-to-dogs-double-all--d2g--random--alpha1.0--full-completion--pref0.0--nllv1.0--nllg1.0--force-same-x--labelonly0.1_merged
hammers,worker power,2,2token,no,-69.9375,-21.8125,-34.96875,-10.90625,-2.6206271648406982,Complete the sentence: hammers are a kind of,Do you think hammers are worker power? Answer:,../models/v6-google--gemma-2-9b-it-delta0.15-epoch2--hypernym-concat-bananas-to-dogs-double-all--d2g--random--alpha1.0--full-completion--pref0.0--nllv1.0--nllg1.0--force-same-x--labelonly0.1_merged
hammers,cultural artefact,3,gpt4_positive,yes,-71.00564575195312,-22.621734619140625,-23.668548583984375,-7.540578206380208,0.504493772983551,Complete the sentence: hammers are a kind of,Do you think hammers are a cultural artifact? Answer:,../models/v6-google--gemma-2-9b-it-delta0.15-epoch2--hypernym-concat-bananas-to-dogs-double-all--d2g--random--alpha1.0--full-completion--pref0.0--nllv1.0--nllg1.0--force-same-x--labelonly0.1_merged
hammers,toiletry,2,existing_hypernyms,no,-60.9375,-23.25,-30.46875,-11.625,-6.120748996734619,Complete the sentence: hammers are a kind of,Do you think hammers are a toiletry? Answer:,../models/v6-google--gemma-2-9b-it-delta0.15-epoch2--hypernym-concat-bananas-to-dogs-double-all--d2g--random--alpha1.0--full-completion--pref0.0--nllv1.0--nllg1.0--force-same-x--labelonly0.1_merged
hammers,cutlery set,2,2token,no,-73.75,-35.421875,-36.875,-17.7109375,-6.622572422027588,Complete the sentence: hammers are a kind of,Do you think hammers are cutlery sets? Answer:,../models/v6-google--gemma-2-9b-it-delta0.15-epoch2--hypernym-concat-bananas-to-dogs-double-all--d2g--random--alpha1.0--full-completion--pref0.0--nllv1.0--nllg1.0--force-same-x--labelonly0.1_merged
hammers,fog,1,gpt4_negative,no,-57.1875,-20.5,-57.1875,-20.5,-6.622050762176514,Complete the sentence: hammers are a kind of,Do you think hammers are fog? Answer:,../models/v6-google--gemma-2-9b-it-delta0.15-epoch2--hypernym-concat-bananas-to-dogs-double-all--d2g--random--alpha1.0--full-completion--pref0.0--nllv1.0--nllg1.0--force-same-x--labelonly0.1_merged
hammers,officers,1,gpt4_negative,no,-65.875,-26.5625,-65.875,-26.5625,-6.872579097747803,Complete the sentence: hammers are a kind of,Do you think hammers are officers? Answer:,../models/v6-google--gemma-2-9b-it-delta0.15-epoch2--hypernym-concat-bananas-to-dogs-double-all--d2g--random--alpha1.0--full-completion--pref0.0--nllv1.0--nllg1.0--force-same-x--labelonly0.1_merged
hammers,pen holder,2,2token,no,-81.8125,-34.8125,-40.90625,-17.40625,-6.6225905418396,Complete the sentence: hammers are a kind of,Do you think hammers are pen holders? Answer:,../models/v6-google--gemma-2-9b-it-delta0.15-epoch2--hypernym-concat-bananas-to-dogs-double-all--d2g--random--alpha1.0--full-completion--pref0.0--nllv1.0--nllg1.0--force-same-x--labelonly0.1_merged
hammers,craftsmanship tool,2,gpt4_positive,yes,-42.1328125,-2.5703125,-21.06640625,-1.28515625,1.1273579597473145,Complete the sentence: hammers are a kind of,Do you think hammers are a craftsmanship tool? Answer:,../models/v6-google--gemma-2-9b-it-delta0.15-epoch2--hypernym-concat-bananas-to-dogs-double-all--d2g--random--alpha1.0--full-completion--pref0.0--nllv1.0--nllg1.0--force-same-x--labelonly0.1_merged
hammers,defendant,1,gpt4_negative,no,-63.5,-26.4375,-63.5,-26.4375,-7.248042106628418,Complete the sentence: hammers are a kind of,Do you think hammers are defendants? Answer:,../models/v6-google--gemma-2-9b-it-delta0.15-epoch2--hypernym-concat-bananas-to-dogs-double-all--d2g--random--alpha1.0--full-completion--pref0.0--nllv1.0--nllg1.0--force-same-x--labelonly0.1_merged
hammers,tangible item,2,gpt4_positive,yes,-55.8125,-18.5,-27.90625,-9.25,0.9985564351081848,Complete the sentence: hammers are a kind of,Do you think hammers are a tangible item? Answer:,../models/v6-google--gemma-2-9b-it-delta0.15-epoch2--hypernym-concat-bananas-to-dogs-double-all--d2g--random--alpha1.0--full-completion--pref0.0--nllv1.0--nllg1.0--force-same-x--labelonly0.1_merged
hammers,fisherman,1,gpt4_negative,no,-58.125,-20.4375,-58.125,-20.4375,-6.872580528259277,Complete the sentence: hammers are a kind of,Do you think hammers are fishermen? Answer:,../models/v6-google--gemma-2-9b-it-delta0.15-epoch2--hypernym-concat-bananas-to-dogs-double-all--d2g--random--alpha1.0--full-completion--pref0.0--nllv1.0--nllg1.0--force-same-x--labelonly0.1_merged
hammers,work supply,2,gpt4_positive,yes,-73.75,-22.875,-36.875,-11.4375,0.7542883157730103,Complete the sentence: hammers are a kind of,Do you think hammers are a work supply? Answer:,../models/v6-google--gemma-2-9b-it-delta0.15-epoch2--hypernym-concat-bananas-to-dogs-double-all--d2g--random--alpha1.0--full-completion--pref0.0--nllv1.0--nllg1.0--force-same-x--labelonly0.1_merged
hammers,personal possession,2,gpt4_positive,yes,-60.875,-11.75,-30.4375,-5.875,-0.4996201992034912,Complete the sentence: hammers are a kind of,Do you think hammers are a personal possession? Answer:,../models/v6-google--gemma-2-9b-it-delta0.15-epoch2--hypernym-concat-bananas-to-dogs-double-all--d2g--random--alpha1.0--full-completion--pref0.0--nllv1.0--nllg1.0--force-same-x--labelonly0.1_merged
hammers,manual apparatus,2,gpt4_positive,yes,-62.5,-7.9375,-31.25,-3.96875,0.6273684501647949,Complete the sentence: hammers are a kind of,Do you think hammers are a manual apparatus? Answer:,../models/v6-google--gemma-2-9b-it-delta0.15-epoch2--hypernym-concat-bananas-to-dogs-double-all--d2g--random--alpha1.0--full-completion--pref0.0--nllv1.0--nllg1.0--force-same-x--labelonly0.1_merged
hammers,effective object,2,gpt4_positive,yes,-63.53125,-12.03125,-31.765625,-6.015625,0.12538284063339233,Complete the sentence: hammers are a kind of,Do you think hammers are effective objects? Answer:,../models/v6-google--gemma-2-9b-it-delta0.15-epoch2--hypernym-concat-bananas-to-dogs-double-all--d2g--random--alpha1.0--full-completion--pref0.0--nllv1.0--nllg1.0--force-same-x--labelonly0.1_merged
hammers,labor aid,2,gpt4_positive,yes,-73.5625,-20.375,-36.78125,-10.1875,1.1233896017074585,Complete the sentence: hammers are a kind of,Do you think hammers are a labor aid? Answer:,../models/v6-google--gemma-2-9b-it-delta0.15-epoch2--hypernym-concat-bananas-to-dogs-double-all--d2g--random--alpha1.0--full-completion--pref0.0--nllv1.0--nllg1.0--force-same-x--labelonly0.1_merged
hammers,mach one,2,2token,no,-52.9375,-15.59375,-26.46875,-7.796875,-3.1317849159240723,Complete the sentence: hammers are a kind of,Do you think hammers are mach ones? Answer:,../models/v6-google--gemma-2-9b-it-delta0.15-epoch2--hypernym-concat-bananas-to-dogs-double-all--d2g--random--alpha1.0--full-completion--pref0.0--nllv1.0--nllg1.0--force-same-x--labelonly0.1_merged
hammers,melody,1,gpt4_negative,no,-58.875,-21.5,-58.875,-21.5,-6.370888710021973,Complete the sentence: hammers are a kind of,Do you think hammers are a melody? Answer:,../models/v6-google--gemma-2-9b-it-delta0.15-epoch2--hypernym-concat-bananas-to-dogs-double-all--d2g--random--alpha1.0--full-completion--pref0.0--nllv1.0--nllg1.0--force-same-x--labelonly0.1_merged
hammers,utens item,2,2token,no,-56.25,-8.5625,-28.125,-4.28125,-5.744467258453369,Complete the sentence: hammers are a kind of,Do you think hammers are utens items? Answer:,../models/v6-google--gemma-2-9b-it-delta0.15-epoch2--hypernym-concat-bananas-to-dogs-double-all--d2g--random--alpha1.0--full-completion--pref0.0--nllv1.0--nllg1.0--force-same-x--labelonly0.1_merged
hammers,drone,1,gpt4_negative,no,-68.25,-28.125,-68.25,-28.125,-6.747646331787109,Complete the sentence: hammers are a kind of,Do you think hammers are drones? Answer:,../models/v6-google--gemma-2-9b-it-delta0.15-epoch2--hypernym-concat-bananas-to-dogs-double-all--d2g--random--alpha1.0--full-completion--pref0.0--nllv1.0--nllg1.0--force-same-x--labelonly0.1_merged
hammers,discussion,1,gpt4_negative,no,-59.5625,-19.25,-59.5625,-19.25,-6.746964454650879,Complete the sentence: hammers are a kind of,Do you think hammers are discussions? Answer:,../models/v6-google--gemma-2-9b-it-delta0.15-epoch2--hypernym-concat-bananas-to-dogs-double-all--d2g--random--alpha1.0--full-completion--pref0.0--nllv1.0--nllg1.0--force-same-x--labelonly0.1_merged
hammers,protocol,1,gpt4_negative,no,-63.75,-19.875,-63.75,-19.875,-6.496723651885986,Complete the sentence: hammers are a kind of,Do you think hammers are a protocol? Answer:,../models/v6-google--gemma-2-9b-it-delta0.15-epoch2--hypernym-concat-bananas-to-dogs-double-all--d2g--random--alpha1.0--full-completion--pref0.0--nllv1.0--nllg1.0--force-same-x--labelonly0.1_merged
hammers,sociology,1,gpt4_negative,no,-55.25,-22.9375,-55.25,-22.9375,-6.495693206787109,Complete the sentence: hammers are a kind of,Do you think hammers are sociological? Answer:,../models/v6-google--gemma-2-9b-it-delta0.15-epoch2--hypernym-concat-bananas-to-dogs-double-all--d2g--random--alpha1.0--full-completion--pref0.0--nllv1.0--nllg1.0--force-same-x--labelonly0.1_merged
hammers,invoice,1,gpt4_negative,no,-57.25,-19.75,-57.25,-19.75,-6.6222639083862305,Complete the sentence: hammers are a kind of,Do you think hammers are invoices? Answer:,../models/v6-google--gemma-2-9b-it-delta0.15-epoch2--hypernym-concat-bananas-to-dogs-double-all--d2g--random--alpha1.0--full-completion--pref0.0--nllv1.0--nllg1.0--force-same-x--labelonly0.1_merged
hammers,technician tool,2,gpt4_positive,yes,-51.84375,-11.4375,-25.921875,-5.71875,1.1293284893035889,Complete the sentence: hammers are a kind of,Do you think hammers are a technician tool? Answer:,../models/v6-google--gemma-2-9b-it-delta0.15-epoch2--hypernym-concat-bananas-to-dogs-double-all--d2g--random--alpha1.0--full-completion--pref0.0--nllv1.0--nllg1.0--force-same-x--labelonly0.1_merged
hammers,utility good,2,gpt4_positive,yes,-69.375,-19.4375,-34.6875,-9.71875,0.7507845759391785,Complete the sentence: hammers are a kind of,Do you think hammers are a utility good? Answer:,../models/v6-google--gemma-2-9b-it-delta0.15-epoch2--hypernym-concat-bananas-to-dogs-double-all--d2g--random--alpha1.0--full-completion--pref0.0--nllv1.0--nllg1.0--force-same-x--labelonly0.1_merged
hammers,yarn,1,gpt4_negative,no,-62.875,-30.4375,-62.875,-30.4375,-6.49681282043457,Complete the sentence: hammers are a kind of,Do you think hammers are yarn? Answer:,../models/v6-google--gemma-2-9b-it-delta0.15-epoch2--hypernym-concat-bananas-to-dogs-double-all--d2g--random--alpha1.0--full-completion--pref0.0--nllv1.0--nllg1.0--force-same-x--labelonly0.1_merged
hammers,functional implement,2,gpt4_positive,yes,-68.6875,-17.5625,-34.34375,-8.78125,0.8755000829696655,Complete the sentence: hammers are a kind of,Do you think hammers are a functional implement? Answer:,../models/v6-google--gemma-2-9b-it-delta0.15-epoch2--hypernym-concat-bananas-to-dogs-double-all--d2g--random--alpha1.0--full-completion--pref0.0--nllv1.0--nllg1.0--force-same-x--labelonly0.1_merged
hammers,quartet,1,gpt4_negative,no,-56.25,-20.625,-56.25,-20.625,-6.371191501617432,Complete the sentence: hammers are a kind of,Do you think hammers are a quartet? Answer:,../models/v6-google--gemma-2-9b-it-delta0.15-epoch2--hypernym-concat-bananas-to-dogs-double-all--d2g--random--alpha1.0--full-completion--pref0.0--nllv1.0--nllg1.0--force-same-x--labelonly0.1_merged
hammers,chairmen,1,gpt4_negative,no,-54.375,-18.8125,-54.375,-18.8125,-6.747163772583008,Complete the sentence: hammers are a kind of,Do you think hammers are chairmen? Answer:,../models/v6-google--gemma-2-9b-it-delta0.15-epoch2--hypernym-concat-bananas-to-dogs-double-all--d2g--random--alpha1.0--full-completion--pref0.0--nllv1.0--nllg1.0--force-same-x--labelonly0.1_merged
hammers,symbolic tool,2,gpt4_positive,yes,-65.34375,-15.09375,-32.671875,-7.546875,0.12572121620178223,Complete the sentence: hammers are a kind of,Do you think hammers are a symbolic tool? Answer:,../models/v6-google--gemma-2-9b-it-delta0.15-epoch2--hypernym-concat-bananas-to-dogs-double-all--d2g--random--alpha1.0--full-completion--pref0.0--nllv1.0--nllg1.0--force-same-x--labelonly0.1_merged
hammers,economic good,2,gpt4_positive,yes,-63.734375,-17.671875,-31.8671875,-8.8359375,0.0005233287811279297,Complete the sentence: hammers are a kind of,Do you think hammers are economic goods? Answer:,../models/v6-google--gemma-2-9b-it-delta0.15-epoch2--hypernym-concat-bananas-to-dogs-double-all--d2g--random--alpha1.0--full-completion--pref0.0--nllv1.0--nllg1.0--force-same-x--labelonly0.1_merged
hammers,usable implement,2,gpt4_positive,yes,-67.6875,-16.0,-33.84375,-8.0,0.9985586404800415,Complete the sentence: hammers are a kind of,Do you think hammers are a usable implement? Answer:,../models/v6-google--gemma-2-9b-it-delta0.15-epoch2--hypernym-concat-bananas-to-dogs-double-all--d2g--random--alpha1.0--full-completion--pref0.0--nllv1.0--nllg1.0--force-same-x--labelonly0.1_merged
hammers,business asset,2,gpt4_positive,yes,-54.33984375,-11.30859375,-27.169921875,-5.654296875,-0.8709447383880615,Complete the sentence: hammers are a kind of,Do you think hammers are a business asset? Answer:,../models/v6-google--gemma-2-9b-it-delta0.15-epoch2--hypernym-concat-bananas-to-dogs-double-all--d2g--random--alpha1.0--full-completion--pref0.0--nllv1.0--nllg1.0--force-same-x--labelonly0.1_merged
hammers,crafting aid,2,gpt4_positive,yes,-62.75,-19.125,-31.375,-9.5625,1.1292784214019775,Complete the sentence: hammers are a kind of,Do you think hammers are a crafting aid? Answer:,../models/v6-google--gemma-2-9b-it-delta0.15-epoch2--hypernym-concat-bananas-to-dogs-double-all--d2g--random--alpha1.0--full-completion--pref0.0--nllv1.0--nllg1.0--force-same-x--labelonly0.1_merged
hammers,tangible good,2,gpt4_positive,yes,-45.94921875,-13.00390625,-22.974609375,-6.501953125,0.8738142848014832,Complete the sentence: hammers are a kind of,Do you think hammers are a tangible good? Answer:,../models/v6-google--gemma-2-9b-it-delta0.15-epoch2--hypernym-concat-bananas-to-dogs-double-all--d2g--random--alpha1.0--full-completion--pref0.0--nllv1.0--nllg1.0--force-same-x--labelonly0.1_merged
hammers,private property,2,gpt4_positive,yes,-67.5,-21.3125,-33.75,-10.65625,-4.114836692810059,Complete the sentence: hammers are a kind of,Do you think hammers are private property? Answer:,../models/v6-google--gemma-2-9b-it-delta0.15-epoch2--hypernym-concat-bananas-to-dogs-double-all--d2g--random--alpha1.0--full-completion--pref0.0--nllv1.0--nllg1.0--force-same-x--labelonly0.1_merged
hammers,highway,1,gpt4_negative,no,-55.25,-19.8125,-55.25,-19.8125,-6.872462749481201,Complete the sentence: hammers are a kind of,Do you think hammers are highways? Answer:,../models/v6-google--gemma-2-9b-it-delta0.15-epoch2--hypernym-concat-bananas-to-dogs-double-all--d2g--random--alpha1.0--full-completion--pref0.0--nllv1.0--nllg1.0--force-same-x--labelonly0.1_merged
hammers,workforce tool,2,gpt4_positive,yes,-48.328125,-1.453125,-24.1640625,-0.7265625,1.0043210983276367,Complete the sentence: hammers are a kind of,Do you think hammers are a workforce tool? Answer:,../models/v6-google--gemma-2-9b-it-delta0.15-epoch2--hypernym-concat-bananas-to-dogs-double-all--d2g--random--alpha1.0--full-completion--pref0.0--nllv1.0--nllg1.0--force-same-x--labelonly0.1_merged
hammers,microwaves,2,gpt4_negative,no,-62.75,-29.67578125,-31.375,-14.837890625,-6.747489929199219,Complete the sentence: hammers are a kind of,Do you think hammers are microwaves? Answer:,../models/v6-google--gemma-2-9b-it-delta0.15-epoch2--hypernym-concat-bananas-to-dogs-double-all--d2g--random--alpha1.0--full-completion--pref0.0--nllv1.0--nllg1.0--force-same-x--labelonly0.1_merged
hammers,dresser,1,gpt4_negative,no,-54.625,-15.625,-54.625,-15.625,-6.747199535369873,Complete the sentence: hammers are a kind of,Do you think hammers are dressers? Answer:,../models/v6-google--gemma-2-9b-it-delta0.15-epoch2--hypernym-concat-bananas-to-dogs-double-all--d2g--random--alpha1.0--full-completion--pref0.0--nllv1.0--nllg1.0--force-same-x--labelonly0.1_merged
hammers,banker,1,gpt4_negative,no,-56.125,-21.75,-56.125,-21.75,-6.99745512008667,Complete the sentence: hammers are a kind of,Do you think hammers are bankers? Answer:,../models/v6-google--gemma-2-9b-it-delta0.15-epoch2--hypernym-concat-bananas-to-dogs-double-all--d2g--random--alpha1.0--full-completion--pref0.0--nllv1.0--nllg1.0--force-same-x--labelonly0.1_merged
hammers,anthropologist,1,gpt4_negative,no,-48.875,-17.6875,-48.875,-17.6875,-6.621345520019531,Complete the sentence: hammers are a kind of,Do you think hammers are anthropology? Answer:,../models/v6-google--gemma-2-9b-it-delta0.15-epoch2--hypernym-concat-bananas-to-dogs-double-all--d2g--random--alpha1.0--full-completion--pref0.0--nllv1.0--nllg1.0--force-same-x--labelonly0.1_merged
hammers,mechanical energy tool,3,gpt4_positive,yes,-50.5,1.625,-16.833333333333332,0.5416666666666666,0.8776564002037048,Complete the sentence: hammers are a kind of,Do you think hammers are a mechanical energy tool? Answer:,../models/v6-google--gemma-2-9b-it-delta0.15-epoch2--hypernym-concat-bananas-to-dogs-double-all--d2g--random--alpha1.0--full-completion--pref0.0--nllv1.0--nllg1.0--force-same-x--labelonly0.1_merged
hammers,plaintiff,1,gpt4_negative,no,-61.25,-26.5625,-61.25,-26.5625,-6.872650146484375,Complete the sentence: hammers are a kind of,Do you think hammers are plaintiffs? Answer:,../models/v6-google--gemma-2-9b-it-delta0.15-epoch2--hypernym-concat-bananas-to-dogs-double-all--d2g--random--alpha1.0--full-completion--pref0.0--nllv1.0--nllg1.0--force-same-x--labelonly0.1_merged
hammers,investor,1,gpt4_negative,no,-60.0,-20.125,-60.0,-20.125,-6.872586727142334,Complete the sentence: hammers are a kind of,Do you think hammers are investors? Answer:,../models/v6-google--gemma-2-9b-it-delta0.15-epoch2--hypernym-concat-bananas-to-dogs-double-all--d2g--random--alpha1.0--full-completion--pref0.0--nllv1.0--nllg1.0--force-same-x--labelonly0.1_merged
hammers,assembly product,2,gpt4_positive,yes,-71.625,-24.0,-35.8125,-12.0,-1.2477792501449585,Complete the sentence: hammers are a kind of,Do you think hammers are assembly products? Answer:,../models/v6-google--gemma-2-9b-it-delta0.15-epoch2--hypernym-concat-bananas-to-dogs-double-all--d2g--random--alpha1.0--full-completion--pref0.0--nllv1.0--nllg1.0--force-same-x--labelonly0.1_merged
hammers,owned item,2,gpt4_positive,yes,-63.625,-19.03125,-31.8125,-9.515625,0.8776463270187378,Complete the sentence: hammers are a kind of,Do you think hammers are owned items? Answer:,../models/v6-google--gemma-2-9b-it-delta0.15-epoch2--hypernym-concat-bananas-to-dogs-double-all--d2g--random--alpha1.0--full-completion--pref0.0--nllv1.0--nllg1.0--force-same-x--labelonly0.1_merged
hammers,dissertation,1,gpt4_negative,no,-61.5,-27.25,-61.5,-27.25,-6.747322082519531,Complete the sentence: hammers are a kind of,Do you think hammers are dissertations? Answer:,../models/v6-google--gemma-2-9b-it-delta0.15-epoch2--hypernym-concat-bananas-to-dogs-double-all--d2g--random--alpha1.0--full-completion--pref0.0--nllv1.0--nllg1.0--force-same-x--labelonly0.1_merged
hammers,enhancement tool,2,gpt4_positive,no,-56.25,-16.875,-28.125,-8.4375,0.752565860748291,Complete the sentence: hammers are a kind of,Do you think hammers are enhancement tools? Answer:,../models/v6-google--gemma-2-9b-it-delta0.15-epoch2--hypernym-concat-bananas-to-dogs-double-all--d2g--random--alpha1.0--full-completion--pref0.0--nllv1.0--nllg1.0--force-same-x--labelonly0.1_merged
hammers,handic work,2,2token,no,-52.5,-8.3125,-26.25,-4.15625,-0.37475234270095825,Complete the sentence: hammers are a kind of,Do you think hammers are handiworks? Answer:,../models/v6-google--gemma-2-9b-it-delta0.15-epoch2--hypernym-concat-bananas-to-dogs-double-all--d2g--random--alpha1.0--full-completion--pref0.0--nllv1.0--nllg1.0--force-same-x--labelonly0.1_merged
hammers,buyable item,3,gpt4_positive,yes,-68.609375,-17.09375,-22.869791666666668,-5.697916666666667,0.9969528317451477,Complete the sentence: hammers are a kind of,Do you think hammers are a buyable item? Answer:,../models/v6-google--gemma-2-9b-it-delta0.15-epoch2--hypernym-concat-bananas-to-dogs-double-all--d2g--random--alpha1.0--full-completion--pref0.0--nllv1.0--nllg1.0--force-same-x--labelonly0.1_merged
hammers,manual energy tool,3,gpt4_positive,yes,-61.953125,-2.140625,-20.651041666666668,-0.7135416666666666,1.0024327039718628,Complete the sentence: hammers are a kind of,Do you think hammers are a manual energy tool? Answer:,../models/v6-google--gemma-2-9b-it-delta0.15-epoch2--hypernym-concat-bananas-to-dogs-double-all--d2g--random--alpha1.0--full-completion--pref0.0--nllv1.0--nllg1.0--force-same-x--labelonly0.1_merged
hammers,market good,2,gpt4_positive,yes,-61.59375,-14.28125,-30.796875,-7.140625,-1.6219803094863892,Complete the sentence: hammers are a kind of,Do you think hammers are a market good? Answer:,../models/v6-google--gemma-2-9b-it-delta0.15-epoch2--hypernym-concat-bananas-to-dogs-double-all--d2g--random--alpha1.0--full-completion--pref0.0--nllv1.0--nllg1.0--force-same-x--labelonly0.1_merged
hammers,operational item,2,gpt4_positive,yes,-59.6875,-13.0625,-29.84375,-6.53125,0.6275131702423096,Complete the sentence: hammers are a kind of,Do you think hammers are operational items? Answer:,../models/v6-google--gemma-2-9b-it-delta0.15-epoch2--hypernym-concat-bananas-to-dogs-double-all--d2g--random--alpha1.0--full-completion--pref0.0--nllv1.0--nllg1.0--force-same-x--labelonly0.1_merged
hammers,power transmission tool,3,gpt4_positive,no,-73.0859375,-15.0859375,-24.361979166666668,-5.028645833333333,-0.1242988109588623,Complete the sentence: hammers are a kind of,Do you think hammers are a power transmission tool? Answer:,../models/v6-google--gemma-2-9b-it-delta0.15-epoch2--hypernym-concat-bananas-to-dogs-double-all--d2g--random--alpha1.0--full-completion--pref0.0--nllv1.0--nllg1.0--force-same-x--labelonly0.1_merged
hammers,maintenance aid,2,gpt4_positive,yes,-69.6875,-20.4375,-34.84375,-10.21875,1.1273117065429688,Complete the sentence: hammers are a kind of,Do you think hammers are a maintenance aid? Answer:,../models/v6-google--gemma-2-9b-it-delta0.15-epoch2--hypernym-concat-bananas-to-dogs-double-all--d2g--random--alpha1.0--full-completion--pref0.0--nllv1.0--nllg1.0--force-same-x--labelonly0.1_merged
hammers,lumped object,3,gpt4_positive,yes,-59.171875,-13.03125,-19.723958333333332,-4.34375,-2.367588758468628,Complete the sentence: hammers are a kind of,Do you think hammers are lumped objects? Answer:,../models/v6-google--gemma-2-9b-it-delta0.15-epoch2--hypernym-concat-bananas-to-dogs-double-all--d2g--random--alpha1.0--full-completion--pref0.0--nllv1.0--nllg1.0--force-same-x--labelonly0.1_merged
hammers,saleable object,3,gpt4_positive,yes,-65.1875,-18.59375,-21.729166666666668,-6.197916666666667,1.125762701034546,Complete the sentence: hammers are a kind of,Do you think hammers are a saleable object? Answer:,../models/v6-google--gemma-2-9b-it-delta0.15-epoch2--hypernym-concat-bananas-to-dogs-double-all--d2g--random--alpha1.0--full-completion--pref0.0--nllv1.0--nllg1.0--force-same-x--labelonly0.1_merged
hammers,durable asset,2,gpt4_positive,yes,-60.5,-14.5,-30.25,-7.25,0.1256009340286255,Complete the sentence: hammers are a kind of,Do you think hammers are a durable asset? Answer:,../models/v6-google--gemma-2-9b-it-delta0.15-epoch2--hypernym-concat-bananas-to-dogs-double-all--d2g--random--alpha1.0--full-completion--pref0.0--nllv1.0--nllg1.0--force-same-x--labelonly0.1_merged
hammers,commodity good,2,gpt4_positive,yes,-54.71875,-10.03125,-27.359375,-5.015625,0.6255724430084229,Complete the sentence: hammers are a kind of,Do you think hammers are a commodity good? Answer:,../models/v6-google--gemma-2-9b-it-delta0.15-epoch2--hypernym-concat-bananas-to-dogs-double-all--d2g--random--alpha1.0--full-completion--pref0.0--nllv1.0--nllg1.0--force-same-x--labelonly0.1_merged
hammers,bollards,2,gpt4_negative,no,-59.46875,-21.203125,-29.734375,-10.6015625,-6.747364044189453,Complete the sentence: hammers are a kind of,Do you think hammers are bollards? Answer:,../models/v6-google--gemma-2-9b-it-delta0.15-epoch2--hypernym-concat-bananas-to-dogs-double-all--d2g--random--alpha1.0--full-completion--pref0.0--nllv1.0--nllg1.0--force-same-x--labelonly0.1_merged
hammers,non-electronic apparatus,4,gpt4_positive,yes,-74.7864990234375,-19.3031005859375,-18.696624755859375,-4.825775146484375,0.7505338191986084,Complete the sentence: hammers are a kind of,Do you think hammers are a non-electronic apparatus? Answer:,../models/v6-google--gemma-2-9b-it-delta0.15-epoch2--hypernym-concat-bananas-to-dogs-double-all--d2g--random--alpha1.0--full-completion--pref0.0--nllv1.0--nllg1.0--force-same-x--labelonly0.1_merged
hammers,resource for labor,3,gpt4_positive,yes,-79.5,-23.390625,-26.5,-7.796875,0.7523688673973083,Complete the sentence: hammers are a kind of,Do you think hammers are a resource for labor? Answer:,../models/v6-google--gemma-2-9b-it-delta0.15-epoch2--hypernym-concat-bananas-to-dogs-double-all--d2g--random--alpha1.0--full-completion--pref0.0--nllv1.0--nllg1.0--force-same-x--labelonly0.1_merged
